1	0
2	0
3	0
4	0
5	0
6	0
7	0
8	0
9	0
10	0
11	0
12	0
13	0
14	0
15	0
16	0
17	0
18	0
19	0
20	0
21	0
22	0
23	0
24	0
25	0
26	0
27	0
28	0
29	0
30	0
31	0
32	0
33	0
34	0
35	0
36	0
37	0
38	0
39	0
40	0
41	0
42	0
43	0
44	0
45	0
46	0
47	0
48	0
49	0
50	0
51	0
52	0
53	0
54	0
55	0
56	0
57	0
58	0
59	0
60	0
61	0
62	0
63	0
64	0
65	0
66	0
67	0
68	0
69	0
70	0
71	0
72	0
73	0
74	0
75	0
76	0
77	0
78	0
79	0
80	0
81	0
82	0
83	0
84	0
85	0
86	0
87	0
88	0
89	0
90	0
91	0
92	0
93	0
94	0
95	0
96	0
97	0
98	0
99	0
100	0
101	0
102	0
103	0
104	0
105	0
106	0
107	0
108	0
109	0
110	0
111	0
112	0
113	0
114	0
115	0
116	0
117	0
118	0
119	0
120	0
121	0
122	0
123	0
124	0
125	0
126	0
127	0
128	1
129	1
130	1
131	1
132	1
133	1
134	1
135	1
136	1
137	1
138	1
139	1
140	1
141	1
142	1
143	1
144	1
145	1
146	1
147	1
148	1
149	1
150	1
151	1
152	1
153	1
154	1
155	1
156	1
157	1
158	1
159	1
160	1
161	1
162	1
163	1
164	1
165	1
166	1
167	1
168	1
169	1
170	1
171	1
172	1
173	1
174	1
175	1
176	1
177	1
178	1
179	1
180	1
181	1
182	1
183	1
184	1
185	1
186	1
187	1
188	1
189	1
190	1
191	1
192	1
193	1
194	1
195	1
196	1
197	1
198	1
199	1
200	1
201	1
202	1
203	1
204	1
205	1
206	1
207	1
208	1
209	1
210	1
211	1
212	1
213	1
214	1
215	1
216	1
217	1
218	1
219	1
220	1
221	1
222	1
223	1
224	1
225	1
226	1
227	1
228	1
229	1
230	1
231	1
232	1
233	1
234	1
235	1
236	1
237	1
238	1
239	1
240	1
241	1
242	1
243	1
244	1
245	1
246	1
247	1
248	1
249	1
250	1
251	1
252	1
253	1
254	1
255	1
256	1
257	1
258	1
259	1
260	1
261	1
262	1
263	1
264	1
265	1
266	1
267	1
268	1
269	1
270	1
271	1
272	1
273	1
274	1
275	1
276	1
277	1
278	1
279	1
280	1
281	1
282	1
283	1
284	1
285	1
286	1
287	1
288	1
289	1
290	1
291	1
292	1
293	1
294	1
295	1
296	1
297	1
298	1
299	1
300	1
301	1
302	1
303	1
304	1
305	1
306	1
307	1
308	1
309	1
310	1
311	1
312	1
313	1
314	1
315	1
316	1
317	1
318	1
319	1
320	1
321	1
322	1
323	1
324	1
325	1
326	1
327	1
328	1
329	1
330	1
331	1
332	1
333	1
334	1
335	1
336	1
337	1
338	1
339	1
340	1
341	1
342	1
343	1
344	1
345	1
346	1
347	1
348	1
349	1
350	1
351	1
352	1
353	1
354	1
355	1
356	1
357	1
358	1
359	1
360	1
361	1
362	1
363	1
364	1
365	1
366	1
367	1
368	1
369	1
370	1
371	1
372	1
373	1
374	1
375	1
376	1
377	1
378	1
379	1
380	1
381	1
382	1
383	1
384	1
385	1
386	1
387	1
388	1
389	1
390	1
391	1
392	1
393	1
394	1
395	1
396	1
397	1
398	1
399	1
400	1
401	1
402	1
403	1
404	1
405	1
406	1
407	1
408	1
409	1
410	1
411	1
412	1
413	1
414	1
415	1
416	1
417	1
418	1
419	1
420	1
421	1
422	1
423	1
424	1
425	1
426	1
427	1
428	1
429	1
430	1
431	1
432	1
433	1
434	1
435	1
436	1
437	1
438	1
439	1
440	1
441	1
442	1
443	1
444	1
445	1
446	1
447	1
448	1
449	1
450	1
451	1
452	1
453	1
454	1
455	1
456	1
457	1
458	1
459	1
460	1
461	1
462	1
463	1
464	1
465	1
466	1
467	1
468	1
469	1
470	1
471	1
472	1
473	1
474	1
475	1
476	1
477	1
478	1
479	1
480	1
481	1
482	1
483	1
484	1
485	1
486	1
487	1
488	1
489	1
490	1
491	1
492	1
493	1
494	1
495	1
496	1
497	1
498	1
499	1
500	1
501	1
502	1
503	1
504	1
505	1
506	2
507	2
508	2
509	2
510	2
511	2
512	2
513	2
514	2
515	2
516	2
517	2
518	2
519	2
520	2
521	2
522	2
523	2
524	2
525	2
526	2
527	2
528	2
529	2
530	2
531	2
532	2
533	2
534	2
535	2
536	2
537	2
538	2
539	2
540	2
541	2
542	2
543	2
544	2
545	2
546	2
547	2
548	2
549	2
550	2
551	2
552	2
553	2
554	2
555	2
556	2
557	2
558	2
559	2
560	2
561	2
562	2
563	2
564	2
565	2
566	2
567	2
568	2
569	2
570	2
571	2
572	2
573	2
574	2
575	2
576	2
577	2
578	2
579	2
580	2
581	2
582	2
583	2
584	2
585	2
586	2
587	2
588	2
589	2
590	2
591	2
592	2
593	2
594	2
595	2
596	2
597	2
598	2
599	2
600	2
601	2
602	2
603	2
604	2
605	2
606	2
607	2
608	2
609	2
610	2
611	2
612	2
613	2
614	2
615	2
616	2
617	2
618	2
619	2
620	2
621	2
622	2
623	2
624	2
625	2
626	2
627	2
628	2
629	2
630	2
631	2
632	2
633	2
634	2
635	2
636	2
637	2
638	2
639	2
640	2
641	2
642	2
643	2
644	2
645	2
646	2
647	2
648	2
649	2
650	2
651	2
652	2
653	2
654	2
655	2
656	2
657	2
658	2
659	2
660	2
661	2
662	2
663	2
664	2
665	2
666	2
667	2
668	2
669	2
670	2
671	2
672	2
673	2
674	2
675	2
676	2
677	2
678	2
679	2
680	2
681	2
682	2
683	2
684	2
685	2
686	2
687	2
688	2
689	2
690	2
691	2
692	2
693	2
694	2
695	2
696	2
697	2
698	2
699	2
700	2
701	2
702	2
703	2
704	2
705	2
706	2
707	2
708	2
709	2
710	2
711	2
712	2
713	2
714	2
715	2
716	2
717	2
718	2
719	2
720	2
721	2
722	2
723	2
724	2
725	2
726	2
727	2
728	2
729	2
730	2
731	2
732	2
733	2
734	2
735	2
736	2
737	2
738	2
739	2
740	2
741	2
742	2
743	2
744	2
745	2
746	2
747	2
748	2
749	2
750	2
751	2
752	2
753	2
754	2
755	2
756	2
757	2
758	2
759	2
760	2
761	2
762	2
763	2
764	2
765	2
766	2
767	2
768	2
769	2
770	2
771	2
772	2
773	2
774	2
775	2
776	2
777	2
778	2
779	2
780	2
781	2
782	2
783	2
784	2
785	2
786	2
787	2
788	2
789	2
790	2
791	2
792	2
793	2
794	2
795	2
796	2
797	2
798	2
799	2
800	2
801	2
802	2
803	2
804	2
805	2
806	2
807	2
808	2
809	2
810	2
811	2
812	2
813	2
814	2
815	2
816	2
817	2
818	2
819	2
820	2
821	2
822	2
823	2
824	2
825	2
826	2
827	2
828	2
829	2
830	2
831	2
832	2
833	2
834	2
835	2
836	2
837	2
838	2
839	2
840	2
841	2
842	2
843	2
844	2
845	2
846	2
847	2
848	2
849	2
850	2
851	2
852	2
853	2
854	2
855	2
856	2
857	2
858	2
859	2
860	2
861	2
862	2
863	2
864	2
865	2
866	2
867	2
868	2
869	2
870	2
871	2
872	2
873	2
874	2
875	2
876	2
877	2
878	2
879	2
880	2
881	2
882	2
883	2
884	2
885	2
886	2
887	2
888	2
889	2
890	2
891	2
892	2
893	2
894	2
895	2
896	2
897	2
898	2
899	2
900	2
901	2
902	2
903	2
904	2
905	2
906	2
907	2
908	2
909	2
910	2
911	2
912	2
913	2
914	2
915	2
916	2
917	2
918	2
919	2
920	2
921	2
922	2
923	2
924	2
925	2
926	2
927	2
928	3
929	3
930	3
931	3
932	3
933	3
934	3
935	3
936	3
937	3
938	3
939	3
940	3
941	3
942	3
943	3
944	3
945	3
946	3
947	3
948	3
949	3
950	3
951	3
952	3
953	3
954	3
955	3
956	3
957	3
958	3
959	3
960	3
961	3
962	3
963	3
964	3
965	3
966	3
967	3
968	3
969	3
970	3
971	3
972	3
973	3
974	3
975	3
976	3
977	3
978	3
979	3
980	3
981	3
982	3
983	3
984	3
985	3
986	3
987	3
988	3
989	3
990	3
991	3
992	3
993	3
994	3
995	3
996	3
997	3
998	3
999	3
1000	3
1001	3
1002	3
1003	3
1004	3
1005	3
1006	3
1007	3
1008	3
1009	3
1010	3
1011	3
1012	3
1013	3
1014	3
1015	3
1016	3
1017	3
1018	3
1019	3
1020	3
1021	3
1022	3
1023	3
1024	3
1025	3
1026	3
1027	3
1028	3
1029	3
1030	3
1031	3
1032	3
1033	3
1034	3
1035	3
1036	3
1037	3
1038	3
1039	3
1040	3
1041	3
1042	3
1043	3
1044	3
1045	3
1046	3
1047	3
1048	3
1049	3
1050	3
1051	3
1052	3
1053	3
1054	3
1055	3
1056	3
1057	3
1058	3
1059	3
1060	3
1061	3
1062	3
1063	3
1064	3
1065	3
1066	3
1067	3
1068	3
1069	3
1070	3
1071	3
1072	3
1073	3
1074	3
1075	3
1076	3
1077	3
1078	3
1079	3
1080	3
1081	3
1082	3
1083	3
1084	3
1085	3
1086	3
1087	3
1088	3
1089	3
1090	3
1091	3
1092	3
1093	3
1094	3
1095	3
1096	3
1097	3
1098	3
1099	3
1100	3
1101	3
1102	3
1103	3
1104	3
1105	3
1106	3
1107	3
1108	3
1109	3
1110	3
1111	3
1112	3
1113	3
1114	3
1115	3
1116	3
1117	3
1118	3
1119	3
1120	3
1121	3
1122	3
1123	3
1124	3
1125	3
1126	3
1127	3
1128	3
1129	3
1130	3
1131	3
1132	3
1133	3
1134	3
1135	3
1136	3
1137	3
1138	3
1139	3
1140	3
1141	3
1142	3
1143	3
1144	3
1145	3
1146	3
1147	3
1148	3
1149	3
1150	3
1151	3
1152	3
1153	3
1154	3
1155	3
1156	3
1157	3
1158	3
1159	3
1160	3
1161	3
1162	3
1163	3
1164	3
1165	3
1166	3
1167	3
1168	3
1169	3
1170	3
1171	3
1172	3
1173	3
1174	3
1175	3
1176	3
1177	3
1178	3
1179	3
1180	3
1181	3
1182	3
1183	3
1184	3
1185	3
1186	3
1187	3
1188	3
1189	3
1190	3
1191	3
1192	3
1193	3
1194	3
1195	3
1196	3
1197	3
1198	3
1199	3
1200	3
1201	3
1202	3
1203	3
1204	3
1205	3
1206	3
1207	3
1208	3
1209	3
1210	3
1211	3
1212	3
1213	3
1214	3
1215	3
1216	3
1217	3
1218	3
1219	3
1220	3
1221	3
1222	3
1223	3
1224	3
1225	3
1226	3
1227	3
1228	3
1229	3
1230	3
1231	3
1232	3
1233	3
1234	3
1235	3
1236	3
1237	3
1238	3
1239	3
1240	3
1241	3
1242	3
1243	3
1244	3
1245	3
1246	3
1247	3
1248	3
1249	3
1250	3
1251	3
1252	3
1253	3
1254	3
1255	3
1256	3
1257	3
1258	3
1259	3
1260	3
1261	3
1262	3
1263	3
1264	3
1265	3
1266	3
1267	3
1268	3
1269	3
1270	3
1271	3
1272	3
1273	3
1274	3
1275	3
1276	3
1277	3
1278	3
1279	3
1280	3
1281	3
1282	3
1283	3
1284	3
1285	3
1286	3
1287	3
1288	3
1289	3
1290	3
1291	3
1292	3
1293	3
1294	3
1295	3
1296	3
1297	3
1298	3
1299	3
1300	3
1301	3
1302	3
1303	3
1304	3
1305	3
1306	3
1307	3
1308	3
1309	3
1310	3
1311	3
1312	3
1313	3
1314	3
1315	3
1316	3
1317	3
1318	3
1319	3
1320	3
1321	3
1322	3
1323	3
1324	3
1325	3
1326	3
1327	3
1328	3
1329	3
1330	3
1331	3
1332	3
1333	3
1334	3
1335	3
1336	3
1337	3
1338	3
1339	3
1340	3
1341	3
1342	3
1343	3
1344	3
1345	3
1346	4
1347	4
1348	4
1349	4
1350	4
1351	4
1352	4
1353	4
1354	4
1355	4
1356	4
1357	4
1358	4
1359	4
1360	4
1361	4
1362	4
1363	4
1364	4
1365	4
1366	4
1367	4
1368	4
1369	4
1370	4
1371	4
1372	4
1373	4
1374	4
1375	4
1376	4
1377	4
1378	4
1379	4
1380	4
1381	4
1382	4
1383	4
1384	4
1385	4
1386	4
1387	4
1388	4
1389	4
1390	4
1391	4
1392	4
1393	4
1394	4
1395	4
1396	4
1397	4
1398	4
1399	4
1400	4
1401	4
1402	4
1403	4
1404	4
1405	4
1406	4
1407	4
1408	4
1409	4
1410	4
1411	4
1412	4
1413	4
1414	4
1415	4
1416	4
1417	4
1418	4
1419	4
1420	4
1421	4
1422	4
1423	4
1424	4
1425	4
1426	4
1427	4
1428	4
1429	4
1430	4
1431	4
1432	4
1433	4
1434	4
1435	4
1436	4
1437	4
1438	4
1439	4
1440	4
1441	4
1442	4
1443	4
1444	4
1445	4
1446	4
1447	4
1448	4
1449	4
1450	4
1451	4
1452	4
1453	4
1454	4
1455	4
1456	4
1457	4
1458	4
1459	4
1460	4
1461	4
1462	4
1463	4
1464	4
1465	4
1466	4
1467	4
1468	4
1469	4
1470	4
1471	4
1472	4
1473	4
1474	4
1475	4
1476	4
1477	4
1478	4
1479	4
1480	4
1481	4
1482	4
1483	4
1484	4
1485	4
1486	4
1487	4
1488	4
1489	4
1490	4
1491	4
1492	4
1493	4
1494	4
1495	4
1496	4
1497	4
1498	4
1499	4
1500	4
1501	4
1502	4
1503	4
1504	4
1505	4
1506	4
1507	4
1508	4
1509	4
1510	4
1511	4
1512	4
1513	4
1514	4
1515	4
1516	4
1517	4
1518	4
1519	4
1520	4
1521	4
1522	4
1523	4
1524	4
1525	4
1526	4
1527	4
1528	4
1529	4
1530	4
1531	4
1532	4
1533	4
1534	4
1535	4
1536	4
1537	4
1538	4
1539	4
1540	4
1541	4
1542	4
1543	4
1544	4
1545	4
1546	4
1547	4
1548	4
1549	4
1550	4
1551	4
1552	4
1553	4
1554	4
1555	4
1556	4
1557	4
1558	4
1559	4
1560	4
1561	4
1562	4
1563	4
1564	4
1565	4
1566	4
1567	4
1568	4
1569	4
1570	4
1571	4
1572	4
1573	4
1574	4
1575	4
1576	4
1577	4
1578	4
1579	4
1580	4
1581	4
1582	4
1583	4
1584	4
1585	4
1586	4
1587	4
1588	4
1589	4
1590	4
1591	4
1592	4
1593	4
1594	4
1595	4
1596	4
1597	4
1598	4
1599	4
1600	4
1601	4
1602	4
1603	4
1604	4
1605	4
1606	4
1607	4
1608	4
1609	4
1610	4
1611	4
1612	4
1613	4
1614	4
1615	4
1616	4
1617	4
1618	4
1619	4
1620	4
1621	4
1622	4
1623	4
1624	4
1625	4
1626	4
1627	4
1628	4
1629	4
1630	4
1631	4
1632	4
1633	4
1634	4
1635	4
1636	4
1637	4
1638	4
1639	4
1640	4
1641	4
1642	4
1643	4
1644	4
1645	4
1646	4
1647	4
1648	4
1649	4
1650	4
1651	4
1652	4
1653	4
1654	4
1655	4
1656	4
1657	4
1658	4
1659	4
1660	4
1661	4
1662	4
1663	4
1664	4
1665	4
1666	4
1667	4
1668	4
1669	4
1670	4
1671	4
1672	4
1673	4
1674	4
1675	4
1676	4
1677	4
1678	4
1679	4
1680	4
1681	4
1682	4
1683	4
1684	4
1685	4
1686	4
1687	4
1688	4
1689	4
1690	4
1691	4
1692	4
1693	4
1694	4
1695	4
1696	4
1697	4
1698	4
1699	4
1700	4
1701	4
1702	4
1703	4
1704	4
1705	4
1706	4
1707	4
1708	4
1709	4
1710	4
1711	4
1712	4
1713	4
1714	4
1715	4
1716	4
1717	4
1718	4
1719	4
1720	4
1721	4
1722	4
1723	4
1724	4
1725	4
1726	4
1727	4
1728	4
1729	4
1730	4
1731	4
1732	4
1733	4
1734	4
1735	4
1736	4
1737	4
1738	4
1739	4
1740	4
1741	4
1742	4
1743	4
1744	4
1745	4
1746	4
1747	4
1748	4
1749	4
1750	4
1751	4
1752	4
1753	4
1754	4
1755	4
1756	4
1757	4
1758	4
1759	4
1760	4
1761	4
1762	4
1763	4
1764	4
1765	4
1766	5
1767	5
1768	5
1769	5
1770	5
1771	5
1772	5
1773	5
1774	5
1775	5
1776	5
1777	5
1778	5
1779	5
1780	5
1781	5
1782	5
1783	5
1784	5
1785	5
1786	5
1787	5
1788	5
1789	5
1790	5
1791	5
1792	5
1793	5
1794	5
1795	5
1796	5
1797	5
1798	5
1799	5
1800	5
1801	5
1802	5
1803	5
1804	5
1805	5
1806	5
1807	5
1808	5
1809	5
1810	5
1811	5
1812	5
1813	5
1814	5
1815	5
1816	5
1817	5
1818	5
1819	5
1820	5
1821	5
1822	5
1823	5
1824	5
1825	5
1826	5
1827	5
1828	5
1829	5
1830	5
1831	5
1832	5
1833	5
1834	5
1835	5
1836	5
1837	5
1838	5
1839	5
1840	5
1841	5
1842	5
1843	5
1844	5
1845	5
1846	5
1847	5
1848	5
1849	5
1850	5
1851	5
1852	5
1853	5
1854	5
1855	5
1856	5
1857	5
1858	5
1859	5
1860	5
1861	5
1862	5
1863	5
1864	5
1865	5
1866	5
1867	5
1868	5
1869	5
1870	5
1871	5
1872	5
1873	5
1874	5
1875	5
1876	5
1877	5
1878	5
1879	5
1880	5
1881	5
1882	5
1883	5
1884	5
1885	5
1886	5
1887	5
1888	5
1889	5
1890	5
1891	5
1892	5
1893	5
1894	5
1895	5
1896	5
1897	5
1898	5
1899	5
1900	5
1901	5
1902	5
1903	5
1904	5
1905	5
1906	5
1907	5
1908	5
1909	5
1910	5
1911	5
1912	5
1913	5
1914	5
1915	5
1916	5
1917	5
1918	5
1919	5
1920	5
1921	5
1922	5
1923	5
1924	5
1925	5
1926	5
1927	5
1928	5
1929	5
1930	5
1931	5
1932	5
1933	5
1934	5
1935	5
1936	5
1937	5
1938	5
1939	5
1940	5
1941	5
1942	5
1943	5
1944	5
1945	5
1946	5
1947	5
1948	5
1949	5
1950	5
1951	5
1952	5
1953	5
1954	5
1955	5
1956	5
1957	5
1958	5
1959	5
1960	5
1961	5
1962	5
1963	5
1964	5
1965	5
1966	5
1967	5
1968	5
1969	5
1970	5
1971	5
1972	5
1973	5
1974	5
1975	5
1976	5
1977	5
1978	5
1979	5
1980	5
1981	5
1982	5
1983	5
1984	5
1985	5
1986	5
1987	5
1988	5
1989	5
1990	5
1991	5
1992	5
1993	5
1994	5
1995	5
1996	5
1997	5
1998	5
1999	5
2000	5
2001	5
2002	5
2003	5
2004	5
2005	5
2006	5
2007	5
2008	5
2009	5
2010	5
2011	5
2012	5
2013	5
2014	5
2015	5
2016	5
2017	5
2018	5
2019	5
2020	5
2021	5
2022	5
2023	5
2024	5
2025	5
2026	5
2027	5
2028	5
2029	5
2030	5
2031	5
2032	5
2033	5
2034	5
2035	5
2036	5
2037	5
2038	5
2039	5
2040	5
2041	5
2042	5
2043	5
2044	5
2045	5
2046	5
2047	5
2048	5
2049	5
2050	5
2051	5
2052	5
2053	5
2054	5
2055	5
2056	5
2057	5
2058	5
2059	5
2060	5
2061	5
2062	5
2063	5
2064	5
2065	5
2066	5
2067	5
2068	5
2069	5
2070	5
2071	5
2072	5
2073	5
2074	5
2075	5
2076	5
2077	5
2078	5
2079	5
2080	5
2081	5
2082	5
2083	5
2084	5
2085	5
2086	5
2087	5
2088	5
2089	5
2090	5
2091	5
2092	5
2093	5
2094	5
2095	5
2096	5
2097	5
2098	5
2099	5
2100	5
2101	5
2102	5
2103	5
2104	5
2105	5
2106	5
2107	5
2108	5
2109	5
2110	5
2111	5
2112	5
2113	5
2114	5
2115	5
2116	5
2117	5
2118	5
2119	5
2120	5
2121	5
2122	5
2123	5
2124	5
2125	5
2126	5
2127	5
2128	5
2129	5
2130	5
2131	5
2132	5
2133	5
2134	5
2135	5
2136	5
2137	5
2138	5
2139	5
2140	5
2141	5
2142	5
2143	5
2144	5
2145	5
2146	5
2147	5
2148	5
2149	5
2150	5
2151	5
2152	5
2153	5
2154	5
2155	5
2156	5
2157	5
2158	5
2159	5
2160	5
2161	5
2162	5
2163	5
2164	5
2165	5
2166	5
2167	5
2168	5
2169	5
2170	5
2171	5
2172	5
2173	5
2174	5
2175	5
2176	5
2177	5
2178	5
2179	5
2180	5
2181	5
2182	5
2183	5
2184	5
2185	5
2186	5
2187	5
2188	6
2189	6
2190	6
2191	6
2192	6
2193	6
2194	6
2195	6
2196	6
2197	6
2198	6
2199	6
2200	6
2201	6
2202	6
2203	6
2204	6
2205	6
2206	6
2207	6
2208	6
2209	6
2210	6
2211	6
2212	6
2213	6
2214	6
2215	6
2216	6
2217	6
2218	6
2219	6
2220	6
2221	6
2222	6
2223	6
2224	6
2225	6
2226	6
2227	6
2228	6
2229	6
2230	6
2231	6
2232	6
2233	6
2234	6
2235	6
2236	6
2237	6
2238	6
2239	6
2240	6
2241	6
2242	6
2243	6
2244	6
2245	6
2246	6
2247	6
2248	6
2249	6
2250	6
2251	6
2252	6
2253	6
2254	6
2255	6
2256	6
2257	6
2258	6
2259	6
2260	6
2261	6
2262	6
2263	6
2264	6
2265	6
2266	6
2267	6
2268	6
2269	6
2270	6
2271	6
2272	6
2273	6
2274	6
2275	6
2276	6
2277	6
2278	6
2279	6
2280	6
2281	6
2282	6
2283	6
2284	6
2285	6
2286	6
2287	6
2288	6
2289	6
2290	6
2291	6
2292	6
2293	6
2294	6
2295	6
2296	6
2297	6
2298	6
2299	6
2300	6
2301	6
2302	6
2303	6
2304	6
2305	6
2306	6
2307	6
2308	6
2309	6
2310	6
2311	6
2312	6
2313	6
2314	6
2315	6
2316	6
2317	6
2318	6
2319	6
2320	6
2321	6
2322	6
2323	6
2324	6
2325	6
2326	6
2327	6
2328	6
2329	6
2330	6
2331	6
2332	6
2333	6
2334	6
2335	6
2336	6
2337	6
2338	6
2339	6
2340	6
2341	6
2342	6
2343	6
2344	6
2345	6
2346	6
2347	6
2348	6
2349	6
2350	6
2351	6
2352	6
2353	6
2354	6
2355	6
2356	6
2357	6
2358	6
2359	6
2360	6
2361	6
2362	6
2363	6
2364	6
2365	6
2366	6
2367	6
2368	6
2369	6
2370	6
2371	6
2372	6
2373	6
2374	6
2375	6
2376	6
2377	6
2378	6
2379	6
2380	6
2381	6
2382	6
2383	6
2384	6
2385	6
2386	6
2387	6
2388	6
2389	6
2390	6
2391	6
2392	6
2393	6
2394	6
2395	6
2396	6
2397	6
2398	6
2399	6
2400	6
2401	6
2402	6
2403	6
2404	6
2405	6
2406	6
2407	6
2408	6
2409	6
2410	6
2411	6
2412	6
2413	6
2414	6
2415	6
2416	6
2417	6
2418	6
2419	6
2420	6
2421	6
2422	6
2423	6
2424	6
2425	6
2426	6
2427	6
2428	6
2429	6
2430	6
2431	6
2432	6
2433	6
2434	6
2435	6
2436	6
2437	6
2438	6
2439	6
2440	6
2441	6
2442	6
2443	6
2444	6
2445	6
2446	6
2447	6
2448	6
2449	6
2450	6
2451	6
2452	6
2453	6
2454	6
2455	6
2456	6
2457	6
2458	6
2459	6
2460	6
2461	6
2462	6
2463	6
2464	6
2465	6
2466	6
2467	6
2468	6
2469	6
2470	6
2471	6
2472	6
2473	6
2474	6
2475	6
2476	6
2477	6
2478	6
2479	6
2480	6
2481	6
2482	6
2483	6
2484	6
2485	6
2486	6
2487	6
2488	6
2489	6
2490	6
2491	6
2492	6
2493	6
2494	6
2495	6
2496	6
2497	6
2498	6
2499	6
2500	6
2501	6
2502	6
2503	6
2504	6
2505	6
2506	6
2507	6
2508	6
2509	6
2510	6
2511	6
2512	6
2513	6
2514	6
2515	6
2516	6
2517	6
2518	6
2519	6
2520	6
2521	6
2522	6
2523	6
2524	6
2525	6
2526	6
2527	6
2528	6
2529	6
2530	6
2531	6
2532	6
2533	6
2534	6
2535	6
2536	6
2537	6
2538	6
2539	6
2540	6
2541	6
2542	6
2543	6
2544	6
2545	6
2546	6
2547	6
2548	6
2549	6
2550	6
2551	6
2552	6
2553	6
2554	6
2555	6
2556	6
2557	6
2558	6
2559	6
2560	6
2561	6
2562	6
2563	6
2564	6
2565	6
2566	6
2567	6
2568	6
2569	6
2570	6
2571	6
2572	6
2573	6
2574	6
2575	6
2576	6
2577	6
2578	6
2579	6
2580	6
2581	6
2582	6
2583	6
2584	6
2585	6
2586	6
2587	6
2588	6
2589	6
2590	6
2591	6
2592	6
2593	6
2594	6
2595	6
2596	6
2597	6
2598	6
2599	6
2600	6
2601	6
2602	6
2603	6
2604	6
2605	6
2606	6
2607	6
2608	6
2609	7
2610	7
2611	7
2612	7
2613	7
2614	7
2615	7
2616	7
2617	7
2618	7
2619	7
2620	7
2621	7
2622	7
2623	7
2624	7
2625	7
2626	7
2627	7
2628	7
2629	7
2630	7
2631	7
2632	7
2633	7
2634	7
2635	7
2636	7
2637	7
2638	7
2639	7
2640	7
2641	7
2642	7
2643	7
2644	7
2645	7
2646	7
2647	7
2648	7
2649	7
2650	7
2651	7
2652	7
2653	7
2654	7
2655	7
2656	7
2657	7
2658	7
2659	7
2660	7
2661	7
2662	7
2663	7
2664	7
2665	7
2666	7
2667	7
2668	7
2669	7
2670	7
2671	7
2672	7
2673	7
2674	7
2675	7
2676	7
2677	7
2678	7
2679	7
2680	7
2681	7
2682	7
2683	7
2684	7
2685	7
2686	7
2687	7
2688	7
2689	7
2690	7
2691	7
2692	7
2693	7
2694	7
2695	7
2696	7
2697	7
2698	7
2699	7
2700	7
2701	7
2702	7
2703	7
2704	7
2705	7
2706	7
2707	7
2708	7
2709	7
2710	7
2711	7
2712	7
2713	7
2714	7
2715	7
2716	7
2717	7
2718	7
2719	7
2720	7
2721	7
2722	7
2723	7
2724	7
2725	7
2726	7
2727	7
2728	7
2729	7
2730	7
2731	7
2732	7
2733	7
2734	7
2735	7
2736	7
2737	7
2738	7
2739	7
2740	7
2741	7
2742	7
2743	7
2744	7
2745	7
2746	7
2747	7
2748	7
2749	7
2750	7
2751	7
2752	7
2753	7
2754	7
2755	7
2756	7
2757	7
2758	7
2759	7
2760	7
2761	7
2762	7
2763	7
2764	7
2765	7
2766	7
2767	7
2768	7
2769	7
2770	7
2771	7
2772	7
2773	7
2774	7
2775	7
2776	7
2777	7
2778	7
2779	7
2780	7
2781	7
2782	7
2783	7
2784	7
2785	7
2786	7
2787	7
2788	7
2789	7
2790	7
2791	7
2792	7
2793	7
2794	7
2795	7
2796	7
2797	7
2798	7
2799	7
2800	7
2801	7
2802	7
2803	7
2804	7
2805	7
2806	7
2807	7
2808	7
2809	7
2810	7
2811	7
2812	7
2813	7
2814	7
2815	7
2816	7
2817	7
2818	7
2819	7
2820	7
2821	7
2822	7
2823	7
2824	7
2825	7
2826	7
2827	7
2828	7
2829	7
2830	7
2831	7
2832	7
2833	7
2834	7
2835	7
2836	7
2837	7
2838	7
2839	7
2840	7
2841	7
2842	7
2843	7
2844	7
2845	7
2846	7
2847	7
2848	7
2849	7
2850	7
2851	7
2852	7
2853	7
2854	7
2855	7
2856	7
2857	7
2858	7
2859	7
2860	7
2861	7
2862	7
2863	7
2864	7
2865	7
2866	7
2867	7
2868	7
2869	7
2870	7
2871	7
2872	7
2873	7
2874	7
2875	7
2876	7
2877	7
2878	7
2879	7
2880	7
2881	7
2882	7
2883	7
2884	7
2885	7
2886	7
2887	7
2888	7
2889	7
2890	7
2891	7
2892	7
2893	7
2894	7
2895	7
2896	7
2897	7
2898	7
2899	7
2900	7
2901	7
2902	7
2903	7
2904	7
2905	7
2906	7
2907	7
2908	7
2909	7
2910	7
2911	7
2912	7
2913	7
2914	7
2915	7
2916	7
2917	7
2918	7
2919	7
2920	7
2921	7
2922	7
2923	7
2924	7
2925	7
2926	7
2927	7
2928	7
2929	7
2930	7
2931	7
2932	7
2933	7
2934	7
2935	7
2936	7
2937	7
2938	7
2939	7
2940	7
2941	7
2942	7
2943	7
2944	7
2945	7
2946	7
2947	7
2948	7
2949	7
2950	7
2951	7
2952	7
2953	7
2954	7
2955	7
2956	7
2957	7
2958	7
2959	7
2960	7
2961	7
2962	7
2963	7
2964	7
2965	7
2966	7
2967	7
2968	7
2969	7
2970	7
2971	7
2972	7
2973	7
2974	7
2975	7
2976	7
2977	7
2978	7
2979	7
2980	7
2981	7
2982	7
2983	7
2984	7
2985	7
2986	7
2987	7
2988	7
2989	7
2990	7
2991	7
2992	7
2993	7
2994	7
2995	7
2996	7
2997	7
2998	7
2999	7
3000	7
3001	7
3002	7
3003	7
3004	7
3005	7
3006	7
3007	7
3008	7
3009	7
3010	7
3011	7
3012	7
3013	7
3014	7
3015	7
3016	7
3017	7
3018	7
3019	7
3020	7
3021	7
3022	7
3023	7
3024	7
3025	7
3026	7
3027	7
3028	7
3029	7
3030	7
3031	7
3032	7
3033	7
3034	8
3035	8
3036	8
3037	8
3038	8
3039	8
3040	8
3041	8
3042	8
3043	8
3044	8
3045	8
3046	8
3047	8
3048	8
3049	8
3050	8
3051	8
3052	8
3053	8
3054	8
3055	8
3056	8
3057	8
3058	8
3059	8
3060	8
3061	8
3062	8
3063	8
3064	8
3065	8
3066	8
3067	8
3068	8
3069	8
3070	8
3071	8
3072	8
3073	8
3074	8
3075	8
3076	8
3077	8
3078	8
3079	8
3080	8
3081	8
3082	8
3083	8
3084	8
3085	8
3086	8
3087	8
3088	8
3089	8
3090	8
3091	8
3092	8
3093	8
3094	8
3095	8
3096	8
3097	8
3098	8
3099	8
3100	8
3101	8
3102	8
3103	8
3104	8
3105	8
3106	8
3107	8
3108	8
3109	8
3110	8
3111	8
3112	8
3113	8
3114	8
3115	8
3116	8
3117	8
3118	8
3119	8
3120	8
3121	8
3122	8
3123	8
3124	8
3125	8
3126	8
3127	8
3128	8
3129	8
3130	8
3131	8
3132	8
3133	8
3134	8
3135	8
3136	8
3137	8
3138	8
3139	8
3140	8
3141	8
3142	8
3143	8
3144	8
3145	8
3146	8
3147	8
3148	8
3149	8
3150	8
3151	8
3152	8
3153	8
3154	8
3155	8
3156	8
3157	8
3158	8
3159	8
3160	8
3161	8
3162	8
3163	8
3164	8
3165	8
3166	8
3167	8
3168	8
3169	8
3170	8
3171	8
3172	8
3173	8
3174	8
3175	8
3176	8
3177	8
3178	8
3179	8
3180	8
3181	8
3182	8
3183	8
3184	8
3185	8
3186	8
3187	8
3188	8
3189	8
3190	8
3191	8
3192	8
3193	8
3194	8
3195	8
3196	8
3197	8
3198	8
3199	8
3200	8
3201	8
3202	8
3203	8
3204	8
3205	8
3206	8
3207	8
3208	8
3209	8
3210	8
3211	8
3212	8
3213	8
3214	8
3215	8
3216	8
3217	8
3218	8
3219	8
3220	8
3221	8
3222	8
3223	8
3224	8
3225	8
3226	8
3227	8
3228	8
3229	8
3230	8
3231	8
3232	8
3233	8
3234	8
3235	8
3236	8
3237	8
3238	8
3239	8
3240	8
3241	8
3242	8
3243	8
3244	8
3245	8
3246	8
3247	8
3248	8
3249	8
3250	8
3251	8
3252	8
3253	8
3254	8
3255	8
3256	8
3257	8
3258	8
3259	8
3260	8
3261	8
3262	8
3263	8
3264	8
3265	8
3266	8
3267	8
3268	8
3269	8
3270	8
3271	8
3272	8
3273	8
3274	8
3275	8
3276	8
3277	8
3278	8
3279	8
3280	8
3281	8
3282	8
3283	8
3284	8
3285	8
3286	8
3287	8
3288	8
3289	8
3290	8
3291	8
3292	8
3293	8
3294	8
3295	8
3296	8
3297	8
3298	8
3299	8
3300	8
3301	8
3302	8
3303	8
3304	8
3305	8
3306	8
3307	8
3308	8
3309	8
3310	8
3311	8
3312	8
3313	8
3314	8
3315	8
3316	8
3317	8
3318	8
3319	8
3320	8
3321	8
3322	8
3323	8
3324	8
3325	8
3326	8
3327	8
3328	8
3329	8
3330	8
3331	8
3332	8
3333	8
3334	8
3335	8
3336	8
3337	8
3338	8
3339	8
3340	8
3341	8
3342	8
3343	8
3344	8
3345	8
3346	8
3347	8
3348	8
3349	8
3350	8
3351	8
3352	8
3353	8
3354	8
3355	8
3356	8
3357	8
3358	8
3359	8
3360	8
3361	8
3362	8
3363	8
3364	8
3365	8
3366	8
3367	8
3368	8
3369	8
3370	8
3371	8
3372	8
3373	8
3374	8
3375	8
3376	8
3377	8
3378	8
3379	8
3380	8
3381	8
3382	8
3383	8
3384	8
3385	8
3386	8
3387	8
3388	8
3389	8
3390	8
3391	8
3392	8
3393	8
3394	8
3395	8
3396	8
3397	8
3398	8
3399	8
3400	8
3401	8
3402	8
3403	8
3404	8
3405	8
3406	8
3407	8
3408	8
3409	8
3410	8
3411	8
3412	8
3413	8
3414	8
3415	8
3416	8
3417	8
3418	8
3419	8
3420	8
3421	8
3422	8
3423	8
3424	8
3425	8
3426	8
3427	8
3428	8
3429	8
3430	8
3431	8
3432	8
3433	8
3434	8
3435	8
3436	8
3437	8
3438	8
3439	8
3440	8
3441	8
3442	8
3443	8
3444	8
3445	8
3446	8
3447	8
3448	8
3449	8
3450	8
3451	8
3452	8
3453	8
3454	8
3455	8
3456	8
3457	9
3458	9
3459	9
3460	9
3461	9
3462	9
3463	9
3464	9
3465	9
3466	9
3467	9
3468	9
3469	9
3470	9
3471	9
3472	9
3473	9
3474	9
3475	9
3476	9
3477	9
3478	9
3479	9
3480	9
3481	9
3482	9
3483	9
3484	9
3485	9
3486	9
3487	9
3488	9
3489	9
3490	9
3491	9
3492	9
3493	9
3494	9
3495	9
3496	9
3497	9
3498	9
3499	9
3500	9
3501	9
3502	9
3503	9
3504	9
3505	9
3506	9
3507	9
3508	9
3509	9
3510	9
3511	9
3512	9
3513	9
3514	9
3515	9
3516	9
3517	9
3518	9
3519	9
3520	9
3521	9
3522	9
3523	9
3524	9
3525	9
3526	9
3527	9
3528	9
3529	9
3530	9
3531	9
3532	9
3533	9
3534	9
3535	9
3536	9
3537	9
3538	9
3539	9
3540	9
3541	9
3542	9
3543	9
3544	9
3545	9
3546	9
3547	9
3548	9
3549	9
3550	9
3551	9
3552	9
3553	9
3554	9
3555	9
3556	9
3557	9
3558	9
3559	9
3560	9
3561	9
3562	9
3563	9
3564	9
3565	9
3566	9
3567	9
3568	9
3569	9
3570	9
3571	9
3572	9
3573	9
3574	9
3575	9
3576	9
3577	9
3578	9
3579	9
3580	9
3581	9
3582	9
3583	9
3584	9
3585	9
3586	9
3587	9
3588	9
3589	9
3590	9
3591	9
3592	9
3593	9
3594	9
3595	9
3596	9
3597	9
3598	9
3599	9
3600	9
3601	9
3602	9
3603	9
3604	9
3605	9
3606	9
3607	9
3608	9
3609	9
3610	9
3611	9
3612	9
3613	9
3614	9
3615	9
3616	9
3617	9
3618	9
3619	9
3620	9
3621	9
3622	9
3623	9
3624	9
3625	9
3626	9
3627	9
3628	9
3629	9
3630	9
3631	9
3632	9
3633	9
3634	9
3635	9
3636	9
3637	9
3638	9
3639	9
3640	9
3641	9
3642	9
3643	9
3644	9
3645	9
3646	9
3647	9
3648	9
3649	9
3650	9
3651	9
3652	9
3653	9
3654	9
3655	9
3656	9
3657	9
3658	9
3659	9
3660	9
3661	9
3662	9
3663	9
3664	9
3665	9
3666	9
3667	9
3668	9
3669	9
3670	9
3671	9
3672	9
3673	9
3674	9
3675	9
3676	9
3677	9
3678	9
3679	9
3680	9
3681	9
3682	9
3683	9
3684	9
3685	9
3686	9
3687	9
3688	9
3689	9
3690	9
3691	9
3692	9
3693	9
3694	9
3695	9
3696	9
3697	9
3698	9
3699	9
3700	9
3701	9
3702	9
3703	9
3704	9
3705	9
3706	9
3707	9
3708	9
3709	9
3710	9
3711	9
3712	9
3713	9
3714	9
3715	9
3716	9
3717	9
3718	9
3719	9
3720	9
3721	9
3722	9
3723	9
3724	9
3725	9
3726	9
3727	9
3728	9
3729	9
3730	9
3731	9
3732	9
3733	9
3734	9
3735	9
3736	9
3737	9
3738	9
3739	9
3740	9
3741	9
3742	9
3743	9
3744	9
3745	9
3746	9
3747	9
3748	9
3749	9
3750	9
3751	9
3752	9
3753	9
3754	9
3755	9
3756	9
3757	9
3758	9
3759	9
3760	9
3761	9
3762	9
3763	9
3764	9
3765	9
3766	9
3767	9
3768	9
3769	9
3770	9
3771	9
3772	9
3773	9
3774	9
3775	9
3776	9
3777	9
3778	9
3779	9
3780	9
3781	9
3782	9
3783	9
3784	9
3785	9
3786	9
3787	9
3788	9
3789	9
3790	9
3791	9
3792	9
3793	9
3794	9
3795	9
3796	9
3797	9
3798	9
3799	9
3800	9
3801	9
3802	9
3803	9
3804	9
3805	9
3806	9
3807	9
3808	9
3809	9
3810	9
3811	9
3812	9
3813	9
3814	9
3815	9
3816	9
3817	9
3818	9
3819	9
3820	9
3821	9
3822	9
3823	9
3824	9
3825	9
3826	9
3827	9
3828	9
3829	9
3830	9
3831	9
3832	9
3833	9
3834	9
3835	9
3836	9
3837	9
3838	9
3839	9
3840	9
3841	9
3842	9
3843	9
3844	9
3845	9
3846	9
3847	9
3848	9
3849	9
3850	9
3851	9
3852	9
3853	9
3854	9
3855	9
3856	9
3857	9
3858	9
3859	9
3860	9
3861	9
3862	9
3863	9
3864	9
3865	9
3866	9
3867	9
3868	9
3869	9
3870	9
3871	9
3872	9
3873	9
3874	9
3875	9
3876	9
3877	9
3878	9
3879	10
3880	10
3881	10
3882	10
3883	10
3884	10
3885	10
3886	10
3887	10
3888	10
3889	10
3890	10
3891	10
3892	10
3893	10
3894	10
3895	10
3896	10
3897	10
3898	10
3899	10
3900	10
3901	10
3902	10
3903	10
3904	10
3905	10
3906	10
3907	10
3908	10
3909	10
3910	10
3911	10
3912	10
3913	10
3914	10
3915	10
3916	10
3917	10
3918	10
3919	10
3920	10
3921	10
3922	10
3923	10
3924	10
3925	10
3926	10
3927	10
3928	10
3929	10
3930	10
3931	10
3932	10
3933	10
3934	10
3935	10
3936	10
3937	10
3938	10
3939	10
3940	10
3941	10
3942	10
3943	10
3944	10
3945	10
3946	10
3947	10
3948	10
3949	10
3950	10
3951	10
3952	10
3953	10
3954	10
3955	10
3956	10
3957	10
3958	10
3959	10
3960	10
3961	10
3962	10
3963	10
3964	10
3965	10
3966	10
3967	10
3968	10
3969	10
3970	10
3971	10
3972	10
3973	10
3974	10
3975	10
3976	10
3977	10
3978	10
3979	10
3980	10
3981	10
3982	10
3983	10
3984	10
3985	10
3986	10
3987	10
3988	10
3989	10
3990	10
3991	10
3992	10
3993	10
3994	10
3995	10
3996	10
3997	10
3998	10
3999	10
4000	10
4001	10
4002	10
4003	10
4004	10
4005	10
4006	10
4007	10
4008	10
4009	10
4010	10
4011	10
4012	10
4013	10
4014	10
4015	10
4016	10
4017	10
4018	10
4019	10
4020	10
4021	10
4022	10
4023	10
4024	10
4025	10
4026	10
4027	10
4028	10
4029	10
4030	10
4031	10
4032	10
4033	10
4034	10
4035	10
4036	10
4037	10
4038	10
4039	10
4040	10
4041	10
4042	10
4043	10
4044	10
4045	10
4046	10
4047	10
4048	10
4049	10
4050	10
4051	10
4052	10
4053	10
4054	10
4055	10
4056	10
4057	10
4058	10
4059	10
4060	10
4061	10
4062	10
4063	10
4064	10
4065	10
4066	10
4067	10
4068	10
4069	10
4070	10
4071	10
4072	10
4073	10
4074	10
4075	10
4076	10
4077	10
4078	10
4079	10
4080	10
4081	10
4082	10
4083	10
4084	10
4085	10
4086	10
4087	10
4088	10
4089	10
4090	10
4091	10
4092	10
4093	10
4094	10
4095	10
4096	10
4097	10
4098	10
4099	10
4100	10
4101	10
4102	10
4103	10
4104	10
4105	10
4106	10
4107	10
4108	10
4109	10
4110	10
4111	10
4112	10
4113	10
4114	10
4115	10
4116	10
4117	10
4118	10
4119	10
4120	10
4121	10
4122	10
4123	10
4124	10
4125	10
4126	10
4127	10
4128	10
4129	10
4130	10
4131	10
4132	10
4133	10
4134	10
4135	10
4136	10
4137	10
4138	10
4139	10
4140	10
4141	10
4142	10
4143	10
4144	10
4145	10
4146	10
4147	10
4148	10
4149	10
4150	10
4151	10
4152	10
4153	10
4154	10
4155	10
4156	10
4157	10
4158	10
4159	10
4160	10
4161	10
4162	10
4163	10
4164	10
4165	10
4166	10
4167	10
4168	10
4169	10
4170	10
4171	10
4172	10
4173	10
4174	10
4175	10
4176	10
4177	10
4178	10
4179	10
4180	10
4181	10
4182	10
4183	10
4184	10
4185	10
4186	10
4187	10
4188	10
4189	10
4190	10
4191	10
4192	10
4193	10
4194	10
4195	10
4196	10
4197	10
4198	10
4199	10
4200	10
4201	10
4202	10
4203	10
4204	10
4205	10
4206	10
4207	10
4208	10
4209	10
4210	10
4211	10
4212	10
4213	10
4214	10
4215	10
4216	10
4217	10
4218	10
4219	10
4220	10
4221	10
4222	10
4223	10
4224	10
4225	10
4226	10
4227	10
4228	10
4229	10
4230	10
4231	10
4232	10
4233	10
4234	10
4235	10
4236	10
4237	10
4238	10
4239	10
4240	10
4241	10
4242	10
4243	10
4244	10
4245	10
4246	10
4247	10
4248	10
4249	10
4250	10
4251	10
4252	10
4253	10
4254	10
4255	10
4256	10
4257	10
4258	10
4259	10
4260	10
4261	10
4262	10
4263	10
4264	10
4265	10
4266	10
4267	10
4268	10
4269	10
4270	10
4271	10
4272	10
4273	10
4274	10
4275	10
4276	10
4277	10
4278	10
4279	10
4280	10
4281	10
4282	10
4283	10
4284	10
4285	10
4286	10
4287	10
4288	10
4289	10
4290	10
4291	10
4292	10
4293	10
4294	10
4295	10
4296	10
4297	10
4298	10
4299	10
4300	10
4301	11
4302	11
4303	11
4304	11
4305	11
4306	11
4307	11
4308	11
4309	11
4310	11
4311	11
4312	11
4313	11
4314	11
4315	11
4316	11
4317	11
4318	11
4319	11
4320	11
4321	11
4322	11
4323	11
4324	11
4325	11
4326	11
4327	11
4328	11
4329	11
4330	11
4331	11
4332	11
4333	11
4334	11
4335	11
4336	11
4337	11
4338	11
4339	11
4340	11
4341	11
4342	11
4343	11
4344	11
4345	11
4346	11
4347	11
4348	11
4349	11
4350	11
4351	11
4352	11
4353	11
4354	11
4355	11
4356	11
4357	11
4358	11
4359	11
4360	11
4361	11
4362	11
4363	11
4364	11
4365	11
4366	11
4367	11
4368	11
4369	11
4370	11
4371	11
4372	11
4373	11
4374	11
4375	11
4376	11
4377	11
4378	11
4379	11
4380	11
4381	11
4382	11
4383	11
4384	11
4385	11
4386	11
4387	11
4388	11
4389	11
4390	11
4391	11
4392	11
4393	11
4394	11
4395	11
4396	11
4397	11
4398	11
4399	11
4400	11
4401	11
4402	11
4403	11
4404	11
4405	11
4406	11
4407	11
4408	11
4409	11
4410	11
4411	11
4412	11
4413	11
4414	11
4415	11
4416	11
4417	11
4418	11
4419	11
4420	11
4421	11
4422	11
4423	11
4424	11
4425	11
4426	11
4427	11
4428	11
4429	11
4430	11
4431	11
4432	11
4433	11
4434	11
4435	11
4436	11
4437	11
4438	11
4439	11
4440	11
4441	11
4442	11
4443	11
4444	11
4445	11
4446	11
4447	11
4448	11
4449	11
4450	11
4451	11
4452	11
4453	11
4454	11
4455	11
4456	11
4457	11
4458	11
4459	11
4460	11
4461	11
4462	11
4463	11
4464	11
4465	11
4466	11
4467	11
4468	11
4469	11
4470	11
4471	11
4472	11
4473	11
4474	11
4475	11
4476	11
4477	11
4478	11
4479	11
4480	11
4481	11
4482	11
4483	11
4484	11
4485	11
4486	11
4487	11
4488	11
4489	11
4490	11
4491	11
4492	11
4493	11
4494	11
4495	11
4496	11
4497	11
4498	11
4499	11
4500	11
4501	11
4502	11
4503	11
4504	11
4505	11
4506	11
4507	11
4508	11
4509	11
4510	11
4511	11
4512	11
4513	11
4514	11
4515	11
4516	11
4517	11
4518	11
4519	11
4520	11
4521	11
4522	11
4523	11
4524	11
4525	11
4526	11
4527	11
4528	11
4529	11
4530	11
4531	11
4532	11
4533	11
4534	11
4535	11
4536	11
4537	11
4538	11
4539	11
4540	11
4541	11
4542	11
4543	11
4544	11
4545	11
4546	11
4547	11
4548	11
4549	11
4550	11
4551	11
4552	11
4553	11
4554	11
4555	11
4556	11
4557	11
4558	11
4559	11
4560	11
4561	11
4562	11
4563	11
4564	11
4565	11
4566	11
4567	11
4568	11
4569	11
4570	11
4571	11
4572	11
4573	11
4574	11
4575	11
4576	11
4577	11
4578	11
4579	11
4580	11
4581	11
4582	11
4583	11
4584	11
4585	11
4586	11
4587	11
4588	11
4589	11
4590	11
4591	11
4592	11
4593	11
4594	11
4595	11
4596	11
4597	11
4598	11
4599	11
4600	11
4601	11
4602	11
4603	11
4604	11
4605	11
4606	11
4607	11
4608	11
4609	11
4610	11
4611	11
4612	11
4613	11
4614	11
4615	11
4616	11
4617	11
4618	11
4619	11
4620	11
4621	11
4622	11
4623	11
4624	11
4625	11
4626	11
4627	11
4628	11
4629	11
4630	11
4631	11
4632	11
4633	11
4634	11
4635	11
4636	11
4637	11
4638	11
4639	11
4640	11
4641	11
4642	11
4643	11
4644	11
4645	11
4646	11
4647	11
4648	11
4649	11
4650	11
4651	11
4652	11
4653	11
4654	11
4655	11
4656	11
4657	11
4658	11
4659	11
4660	11
4661	11
4662	11
4663	11
4664	11
4665	11
4666	11
4667	11
4668	11
4669	11
4670	11
4671	11
4672	11
4673	11
4674	11
4675	11
4676	11
4677	11
4678	11
4679	11
4680	11
4681	11
4682	11
4683	11
4684	11
4685	11
4686	11
4687	11
4688	11
4689	11
4690	11
4691	11
4692	11
4693	11
4694	11
4695	11
4696	11
4697	11
4698	11
4699	11
4700	11
4701	11
4702	11
4703	11
4704	11
4705	11
4706	11
4707	11
4708	11
4709	11
4710	11
4711	11
4712	11
4713	11
4714	11
4715	11
4716	11
4717	11
4718	11
4719	11
4720	11
4721	11
4722	11
4723	11
4724	12
4725	12
4726	12
4727	12
4728	12
4729	12
4730	12
4731	12
4732	12
4733	12
4734	12
4735	12
4736	12
4737	12
4738	12
4739	12
4740	12
4741	12
4742	12
4743	12
4744	12
4745	12
4746	12
4747	12
4748	12
4749	12
4750	12
4751	12
4752	12
4753	12
4754	12
4755	12
4756	12
4757	12
4758	12
4759	12
4760	12
4761	12
4762	12
4763	12
4764	12
4765	12
4766	12
4767	12
4768	12
4769	12
4770	12
4771	12
4772	12
4773	12
4774	12
4775	12
4776	12
4777	12
4778	12
4779	12
4780	12
4781	12
4782	12
4783	12
4784	12
4785	12
4786	12
4787	12
4788	12
4789	12
4790	12
4791	12
4792	12
4793	12
4794	12
4795	12
4796	12
4797	12
4798	12
4799	12
4800	12
4801	12
4802	12
4803	12
4804	12
4805	12
4806	12
4807	12
4808	12
4809	12
4810	12
4811	12
4812	12
4813	12
4814	12
4815	12
4816	12
4817	12
4818	12
4819	12
4820	12
4821	12
4822	12
4823	12
4824	12
4825	12
4826	12
4827	12
4828	12
4829	12
4830	12
4831	12
4832	12
4833	12
4834	12
4835	12
4836	12
4837	12
4838	12
4839	12
4840	12
4841	12
4842	12
4843	12
4844	12
4845	12
4846	12
4847	12
4848	12
4849	12
4850	12
4851	12
4852	12
4853	12
4854	12
4855	12
4856	12
4857	12
4858	12
4859	12
4860	12
4861	12
4862	12
4863	12
4864	12
4865	12
4866	12
4867	12
4868	12
4869	12
4870	12
4871	12
4872	12
4873	12
4874	12
4875	12
4876	12
4877	12
4878	12
4879	12
4880	12
4881	12
4882	12
4883	12
4884	12
4885	12
4886	12
4887	12
4888	12
4889	12
4890	12
4891	12
4892	12
4893	12
4894	12
4895	12
4896	12
4897	12
4898	12
4899	12
4900	12
4901	12
4902	12
4903	12
4904	12
4905	12
4906	12
4907	12
4908	12
4909	12
4910	12
4911	12
4912	12
4913	12
4914	12
4915	12
4916	12
4917	12
4918	12
4919	12
4920	12
4921	12
4922	12
4923	12
4924	12
4925	12
4926	12
4927	12
4928	12
4929	12
4930	12
4931	12
4932	12
4933	12
4934	12
4935	12
4936	12
4937	12
4938	12
4939	12
4940	12
4941	12
4942	12
4943	12
4944	12
4945	12
4946	12
4947	12
4948	12
4949	12
4950	12
4951	12
4952	12
4953	12
4954	12
4955	12
4956	12
4957	12
4958	12
4959	12
4960	12
4961	12
4962	12
4963	12
4964	12
4965	12
4966	12
4967	12
4968	12
4969	12
4970	12
4971	12
4972	12
4973	12
4974	12
4975	12
4976	12
4977	12
4978	12
4979	12
4980	12
4981	12
4982	12
4983	12
4984	12
4985	12
4986	12
4987	12
4988	12
4989	12
4990	12
4991	12
4992	12
4993	12
4994	12
4995	12
4996	12
4997	12
4998	12
4999	12
5000	12
