1	0.02
2	0.02
3	0.02
4	0.03
5	0.03
6	0.04
7	0.04
8	0.04
9	0.05
10	0.05
11	0.05
12	0.06
13	0.06
14	0.07
15	0.07
16	0.07
17	0.08
18	0.08
19	0.08
20	0.09
21	0.09
22	0.09
23	0.09
24	0.1
25	0.1
26	0.1
27	0.11
28	0.11
29	0.11
30	0.11
31	0.12
32	0.12
33	0.12
34	0.13
35	0.13
36	0.13
37	0.14
38	0.15
39	0.15
40	0.15
41	0.15
42	0.16
43	0.16
44	0.16
45	0.16
46	0.17
47	0.17
48	0.17
49	0.17
50	0.17
51	0.18
52	0.18
53	0.18
54	0.19
55	0.19
56	0.19
57	0.2
58	0.2
59	0.2
60	0.2
61	0.21
62	0.21
63	0.21
64	0.22
65	0.22
66	0.22
67	0.23
68	0.23
69	0.23
70	0.23
71	0.24
72	0.24
73	0.24
74	0.25
75	0.25
76	0.25
77	0.26
78	0.26
79	0.26
80	0.27
81	0.27
82	0.28
83	0.28
84	0.28
85	0.29
86	0.29
87	0.3
88	0.3
89	0.3
90	0.31
91	0.31
92	0.32
93	0.32
94	0.32
95	0.33
96	0.34
97	0.34
98	0.34
99	0.35
100	0.35
101	0.36
102	0.36
103	0.36
104	0.37
105	0.37
106	0.38
107	0.38
108	0.38
109	0.39
110	0.39
111	0.39
112	0.4
113	0.4
114	0.41
115	0.41
116	0.41
117	0.41
118	0.42
119	0.42
120	0.42
121	0.42
122	0.43
123	0.43
124	0.44
125	0.44
126	0.44
127	0.44
128	0.45
129	0.45
130	0.45
131	0.46
132	0.47
133	0.47
134	0.47
135	0.47
136	0.48
137	0.48
138	0.48
139	0.49
140	0.49
141	0.49
142	0.5
143	0.5
144	0.5
145	0.5
146	0.51
147	0.51
148	0.51
149	0.52
150	0.52
151	0.52
152	0.52
153	0.53
154	0.53
155	0.53
156	0.54
157	0.54
158	0.54
159	0.54
160	0.55
161	0.55
162	0.55
163	0.56
164	0.56
165	0.56
166	0.56
167	0.57
168	0.57
169	0.57
170	0.58
171	0.58
172	0.58
173	0.59
174	0.59
175	0.59
176	0.59
177	0.6
178	0.6
179	0.6
180	0.61
181	0.61
182	0.61
183	0.61
184	0.62
185	0.62
186	0.62
187	0.63
188	0.63
189	0.63
190	0.63
191	0.64
192	0.64
193	0.64
194	0.65
195	0.65
196	0.65
197	0.65
198	0.66
199	0.66
200	0.66
201	0.67
202	0.67
203	0.67
204	0.67
205	0.68
206	0.68
207	0.68
208	0.68
209	0.69
210	0.69
211	0.69
212	0.69
213	0.69
214	0.7
215	0.7
216	0.7
217	0.7
218	0.71
219	0.71
220	0.71
221	0.72
222	0.72
223	0.72
224	0.72
225	0.73
226	0.73
227	0.73
228	0.73
229	0.74
230	0.74
231	0.74
232	0.75
233	0.75
234	0.75
235	0.75
236	0.76
237	0.76
238	0.76
239	0.76
240	0.77
241	0.77
242	0.77
243	0.77
244	0.78
245	0.78
246	0.79
247	0.79
248	0.79
249	0.79
250	0.79
251	0.8
252	0.8
253	0.8
254	0.81
255	0.81
256	0.82
257	0.82
258	0.82
259	0.82
260	0.82
261	0.83
262	0.83
263	0.84
264	0.84
265	0.84
266	0.84
267	0.85
268	0.85
269	0.85
270	0.86
271	0.86
272	0.86
273	0.86
274	0.87
275	0.87
276	0.87
277	0.88
278	0.88
279	0.88
280	0.88
281	0.89
282	0.89
283	0.89
284	0.89
285	0.9
286	0.9
287	0.9
288	0.9
289	0.9
290	0.91
291	0.91
292	0.91
293	0.92
294	0.92
295	0.92
296	0.92
297	0.92
298	0.93
299	0.93
300	0.93
301	0.93
302	0.94
303	0.94
304	0.94
305	0.94
306	0.95
307	0.95
308	0.95
309	0.96
310	0.96
311	0.97
312	0.97
313	0.97
314	0.97
315	0.98
316	0.98
317	0.98
318	0.98
319	0.99
320	0.99
321	0.99
322	0.99
323	1
324	1
325	1
326	1.01
327	1.01
328	1.01
329	1.01
330	1.02
331	1.02
332	1.02
333	1.02
334	1.02
335	1.03
336	1.03
337	1.04
338	1.04
339	1.04
340	1.04
341	1.05
342	1.05
343	1.05
344	1.06
345	1.06
346	1.06
347	1.06
348	1.07
349	1.07
350	1.07
351	1.07
352	1.08
353	1.08
354	1.08
355	1.08
356	1.09
357	1.09
358	1.09
359	1.09
360	1.1
361	1.1
362	1.1
363	1.11
364	1.11
365	1.11
366	1.11
367	1.12
368	1.12
369	1.12
370	1.12
371	1.13
372	1.13
373	1.13
374	1.13
375	1.14
376	1.14
377	1.14
378	1.14
379	1.15
380	1.15
381	1.15
382	1.15
383	1.16
384	1.16
385	1.16
386	1.16
387	1.17
388	1.17
389	1.17
390	1.17
391	1.18
392	1.18
393	1.18
394	1.18
395	1.18
396	1.19
397	1.19
398	1.19
399	1.19
400	1.2
401	1.2
402	1.2
403	1.2
404	1.21
405	1.21
406	1.21
407	1.21
408	1.21
409	1.21
410	1.22
411	1.22
412	1.22
413	1.22
414	1.23
415	1.23
416	1.23
417	1.23
418	1.24
419	1.24
420	1.24
421	1.24
422	1.25
423	1.25
424	1.25
425	1.25
426	1.26
427	1.26
428	1.26
429	1.26
430	1.27
431	1.27
432	1.27
433	1.27
434	1.28
435	1.28
436	1.28
437	1.28
438	1.29
439	1.29
440	1.29
441	1.29
442	1.29
443	1.3
444	1.3
445	1.3
446	1.3
447	1.31
448	1.31
449	1.32
450	1.32
451	1.32
452	1.32
453	1.33
454	1.33
455	1.33
456	1.33
457	1.33
458	1.33
459	1.34
460	1.34
461	1.35
462	1.35
463	1.35
464	1.35
465	1.35
466	1.36
467	1.36
468	1.36
469	1.36
470	1.36
471	1.37
472	1.37
473	1.37
474	1.37
475	1.38
476	1.38
477	1.38
478	1.38
479	1.39
480	1.39
481	1.39
482	1.39
483	1.4
484	1.4
485	1.4
486	1.4
487	1.41
488	1.41
489	1.41
490	1.41
491	1.41
492	1.42
493	1.42
494	1.42
495	1.42
496	1.43
497	1.43
498	1.43
499	1.43
500	1.43
501	1.43
502	1.44
503	1.44
504	1.44
505	1.44
506	1.45
507	1.45
508	1.45
509	1.45
510	1.46
511	1.46
512	1.46
513	1.46
514	1.47
515	1.47
516	1.47
517	1.47
518	1.47
519	1.48
520	1.48
521	1.48
522	1.48
523	1.49
524	1.49
525	1.49
526	1.49
527	1.5
528	1.5
529	1.5
530	1.5
531	1.51
532	1.51
533	1.51
534	1.51
535	1.51
536	1.52
537	1.52
538	1.52
539	1.52
540	1.53
541	1.53
542	1.53
543	1.53
544	1.54
545	1.54
546	1.54
547	1.55
548	1.55
549	1.55
550	1.56
551	1.56
552	1.56
553	1.56
554	1.57
555	1.57
556	1.57
557	1.57
558	1.58
559	1.58
560	1.58
561	1.58
562	1.58
563	1.59
564	1.59
565	1.59
566	1.59
567	1.6
568	1.6
569	1.6
570	1.6
571	1.6
572	1.6
573	1.61
574	1.61
575	1.61
576	1.61
577	1.62
578	1.62
579	1.62
580	1.62
581	1.63
582	1.63
583	1.63
584	1.63
585	1.64
586	1.65
587	1.65
588	1.65
589	1.65
590	1.65
591	1.66
592	1.66
593	1.66
594	1.66
595	1.67
596	1.67
597	1.67
598	1.67
599	1.67
600	1.67
601	1.68
602	1.68
603	1.68
604	1.68
605	1.68
606	1.69
607	1.69
608	1.69
609	1.69
610	1.7
611	1.7
612	1.7
613	1.7
614	1.71
615	1.71
616	1.71
617	1.71
618	1.72
619	1.72
620	1.72
621	1.72
622	1.72
623	1.73
624	1.73
625	1.73
626	1.73
627	1.74
628	1.74
629	1.74
630	1.74
631	1.75
632	1.75
633	1.75
634	1.75
635	1.76
636	1.76
637	1.76
638	1.76
639	1.76
640	1.77
641	1.77
642	1.77
643	1.77
644	1.78
645	1.78
646	1.78
647	1.78
648	1.79
649	1.79
650	1.79
651	1.79
652	1.8
653	1.8
654	1.8
655	1.8
656	1.81
657	1.81
658	1.81
659	1.81
660	1.82
661	1.82
662	1.82
663	1.82
664	1.83
665	1.83
666	1.83
667	1.83
668	1.83
669	1.84
670	1.84
671	1.84
672	1.84
673	1.85
674	1.85
675	1.85
676	1.85
677	1.85
678	1.85
679	1.86
680	1.86
681	1.86
682	1.86
683	1.87
684	1.87
685	1.87
686	1.87
687	1.88
688	1.88
689	1.88
690	1.88
691	1.89
692	1.89
693	1.89
694	1.89
695	1.9
696	1.9
697	1.9
698	1.9
699	1.9
700	1.91
701	1.91
702	1.91
703	1.91
704	1.92
705	1.92
706	1.92
707	1.93
708	1.93
709	1.93
710	1.94
711	1.94
712	1.94
713	1.94
714	1.95
715	1.95
716	1.95
717	1.95
718	1.95
719	1.95
720	1.96
721	1.96
722	1.96
723	1.96
724	1.97
725	1.97
726	1.97
727	1.97
728	1.98
729	1.98
730	1.98
731	1.98
732	1.99
733	1.99
734	1.99
735	1.99
736	2
737	2.01
738	2.01
739	2.01
740	2.01
741	2.01
742	2.02
743	2.02
744	2.02
745	2.02
746	2.03
747	2.03
748	2.03
749	2.03
750	2.03
751	2.04
752	2.04
753	2.04
754	2.04
755	2.05
756	2.05
757	2.05
758	2.05
759	2.06
760	2.06
761	2.06
762	2.06
763	2.07
764	2.07
765	2.07
766	2.07
767	2.08
768	2.08
769	2.08
770	2.08
771	2.08
772	2.09
773	2.09
774	2.09
775	2.09
776	2.1
777	2.1
778	2.1
779	2.1
780	2.1
781	2.1
782	2.11
783	2.11
784	2.11
785	2.11
786	2.12
787	2.12
788	2.12
789	2.12
790	2.13
791	2.13
792	2.13
793	2.13
794	2.14
795	2.14
796	2.14
797	2.14
798	2.14
799	2.15
800	2.15
801	2.15
802	2.15
803	2.16
804	2.16
805	2.16
806	2.16
807	2.17
808	2.17
809	2.17
810	2.17
811	2.18
812	2.18
813	2.18
814	2.18
815	2.19
816	2.19
817	2.19
818	2.19
819	2.19
820	2.2
821	2.2
822	2.2
823	2.2
824	2.2
825	2.2
826	2.21
827	2.21
828	2.21
829	2.21
830	2.22
831	2.22
832	2.22
833	2.23
834	2.23
835	2.23
836	2.24
837	2.24
838	2.24
839	2.24
840	2.24
841	2.25
842	2.25
843	2.26
844	2.26
845	2.26
846	2.26
847	2.27
848	2.27
849	2.27
850	2.27
851	2.27
852	2.28
853	2.28
854	2.28
855	2.28
856	2.29
857	2.29
858	2.29
859	2.29
860	2.3
861	2.3
862	2.3
863	2.3
864	2.31
865	2.31
866	2.31
867	2.31
868	2.32
869	2.32
870	2.32
871	2.32
872	2.33
873	2.33
874	2.33
875	2.33
876	2.33
877	2.34
878	2.34
879	2.34
880	2.34
881	2.35
882	2.35
883	2.35
884	2.35
885	2.36
886	2.36
887	2.36
888	2.36
889	2.37
890	2.37
891	2.37
892	2.37
893	2.37
894	2.37
895	2.38
896	2.38
897	2.38
898	2.38
899	2.39
900	2.39
901	2.39
902	2.39
903	2.39
904	2.39
905	2.4
906	2.4
907	2.41
908	2.41
909	2.41
910	2.41
911	2.41
912	2.41
913	2.42
914	2.42
915	2.43
916	2.43
917	2.43
918	2.44
919	2.44
920	2.44
921	2.44
922	2.44
923	2.45
924	2.45
925	2.45
926	2.45
927	2.46
928	2.46
929	2.46
930	2.46
931	2.47
932	2.47
933	2.47
934	2.47
935	2.47
936	2.47
937	2.48
938	2.48
939	2.48
940	2.48
941	2.49
942	2.49
943	2.49
944	2.49
945	2.5
946	2.5
947	2.5
948	2.5
949	2.51
950	2.51
951	2.51
952	2.51
953	2.51
954	2.52
955	2.52
956	2.52
957	2.52
958	2.53
959	2.53
960	2.53
961	2.53
962	2.54
963	2.54
964	2.55
965	2.55
966	2.55
967	2.55
968	2.56
969	2.56
970	2.56
971	2.56
972	2.57
973	2.57
974	2.57
975	2.57
976	2.57
977	2.57
978	2.58
979	2.58
980	2.58
981	2.58
982	2.59
983	2.59
984	2.59
985	2.59
986	2.6
987	2.6
988	2.6
989	2.6
990	2.6
991	2.61
992	2.61
993	2.61
994	2.61
995	2.62
996	2.62
997	2.62
998	2.62
999	2.63
1000	2.63
1001	2.63
1002	2.63
1003	2.63
1004	2.63
1005	2.64
1006	2.64
1007	2.64
1008	2.64
1009	2.65
1010	2.65
1011	2.65
1012	2.65
1013	2.66
1014	2.66
1015	2.66
1016	2.66
1017	2.67
1018	2.67
1019	2.67
1020	2.67
1021	2.68
1022	2.68
1023	2.68
1024	2.68
1025	2.69
1026	2.69
1027	2.69
1028	2.69
1029	2.69
1030	2.7
1031	2.7
1032	2.7
1033	2.7
1034	2.71
1035	2.71
1036	2.71
1037	2.71
1038	2.72
1039	2.72
1040	2.72
1041	2.72
1042	2.73
1043	2.73
1044	2.73
1045	2.73
1046	2.74
1047	2.74
1048	2.74
1049	2.74
1050	2.74
1051	2.75
1052	2.75
1053	2.75
1054	2.75
1055	2.76
1056	2.76
1057	2.76
1058	2.76
1059	2.77
1060	2.77
1061	2.77
1062	2.77
1063	2.78
1064	2.78
1065	2.78
1066	2.78
1067	2.79
1068	2.79
1069	2.79
1070	2.8
1071	2.8
1072	2.8
1073	2.81
1074	2.81
1075	2.81
1076	2.81
1077	2.82
1078	2.82
1079	2.82
1080	2.82
1081	2.82
1082	2.83
1083	2.83
1084	2.83
1085	2.83
1086	2.84
1087	2.84
1088	2.84
1089	2.84
1090	2.84
1091	2.84
1092	2.85
1093	2.85
1094	2.85
1095	2.85
1096	2.86
1097	2.86
1098	2.86
1099	2.86
1100	2.87
1101	2.87
1102	2.87
1103	2.87
1104	2.88
1105	2.88
1106	2.88
1107	2.88
1108	2.89
1109	2.89
1110	2.89
1111	2.89
1112	2.89
1113	2.9
1114	2.9
1115	2.9
1116	2.9
1117	2.91
1118	2.91
1119	2.91
1120	2.91
1121	2.92
1122	2.92
1123	2.92
1124	2.92
1125	2.93
1126	2.93
1127	2.93
1128	2.93
1129	2.94
1130	2.94
1131	2.94
1132	2.94
1133	2.95
1134	2.95
1135	2.95
1136	2.95
1137	2.95
1138	2.96
1139	2.96
1140	2.96
1141	2.96
1142	2.97
1143	2.97
1144	2.97
1145	2.97
1146	2.98
1147	2.98
1148	2.98
1149	2.98
1150	2.98
1151	2.99
1152	3
1153	3
1154	3
1155	3
1156	3.01
1157	3.01
1158	3.01
1159	3.01
1160	3.02
1161	3.02
1162	3.02
1163	3.02
1164	3.03
1165	3.03
1166	3.03
1167	3.03
1168	3.03
1169	3.04
1170	3.04
1171	3.04
1172	3.04
1173	3.05
1174	3.05
1175	3.05
1176	3.05
1177	3.06
1178	3.06
1179	3.06
1180	3.06
1181	3.07
1182	3.07
1183	3.07
1184	3.07
1185	3.07
1186	3.07
1187	3.07
1188	3.07
1189	3.08
1190	3.08
1191	3.08
1192	3.08
1193	3.09
1194	3.09
1195	3.09
1196	3.09
1197	3.1
1198	3.1
1199	3.1
1200	3.1
1201	3.11
1202	3.11
1203	3.11
1204	3.11
1205	3.11
1206	3.12
1207	3.12
1208	3.12
1209	3.12
1210	3.13
1211	3.13
1212	3.13
1213	3.13
1214	3.14
1215	3.14
1216	3.14
1217	3.14
1218	3.15
1219	3.15
1220	3.15
1221	3.16
1222	3.16
1223	3.16
1224	3.17
1225	3.17
1226	3.17
1227	3.17
1228	3.18
1229	3.18
1230	3.18
1231	3.18
1232	3.19
1233	3.19
1234	3.19
1235	3.19
1236	3.2
1237	3.2
1238	3.2
1239	3.2
1240	3.2
1241	3.21
1242	3.21
1243	3.21
1244	3.21
1245	3.22
1246	3.22
1247	3.22
1248	3.22
1249	3.23
1250	3.23
1251	3.23
1252	3.23
1253	3.24
1254	3.24
1255	3.24
1256	3.24
1257	3.25
1258	3.25
1259	3.25
1260	3.25
1261	3.25
1262	3.26
1263	3.26
1264	3.26
1265	3.26
1266	3.27
1267	3.27
1268	3.27
1269	3.27
1270	3.28
1271	3.28
1272	3.28
1273	3.28
1274	3.29
1275	3.29
1276	3.29
1277	3.29
1278	3.29
1279	3.3
1280	3.3
1281	3.3
1282	3.3
1283	3.31
1284	3.31
1285	3.31
1286	3.32
1287	3.32
1288	3.32
1289	3.32
1290	3.32
1291	3.33
1292	3.33
1293	3.33
1294	3.33
1295	3.34
1296	3.34
1297	3.34
1298	3.34
1299	3.35
1300	3.35
1301	3.35
1302	3.35
1303	3.36
1304	3.36
1305	3.36
1306	3.36
1307	3.36
1308	3.36
1309	3.37
1310	3.37
1311	3.37
1312	3.37
1313	3.38
1314	3.38
1315	3.38
1316	3.38
1317	3.39
1318	3.39
1319	3.39
1320	3.39
1321	3.39
1322	3.4
1323	3.4
1324	3.4
1325	3.4
1326	3.41
1327	3.41
1328	3.41
1329	3.41
1330	3.42
1331	3.42
1332	3.42
1333	3.42
1334	3.43
1335	3.43
1336	3.43
1337	3.43
1338	3.43
1339	3.44
1340	3.44
1341	3.44
1342	3.44
1343	3.45
1344	3.45
1345	3.45
1346	3.45
1347	3.46
1348	3.46
1349	3.46
1350	3.46
1351	3.47
1352	3.47
1353	3.47
1354	3.47
1355	3.48
1356	3.48
1357	3.48
1358	3.48
1359	3.48
1360	3.49
1361	3.49
1362	3.49
1363	3.49
1364	3.5
1365	3.5
1366	3.5
1367	3.5
1368	3.51
1369	3.51
1370	3.51
1371	3.51
1372	3.52
1373	3.52
1374	3.53
1375	3.53
1376	3.53
1377	3.53
1378	3.54
1379	3.54
1380	3.54
1381	3.54
1382	3.55
1383	3.55
1384	3.55
1385	3.55
1386	3.56
1387	3.56
1388	3.56
1389	3.56
1390	3.56
1391	3.57
1392	3.57
1393	3.57
1394	3.57
1395	3.58
1396	3.58
1397	3.58
1398	3.58
1399	3.59
1400	3.59
1401	3.59
1402	3.59
1403	3.59
1404	3.59
1405	3.6
1406	3.6
1407	3.6
1408	3.6
1409	3.61
1410	3.61
1411	3.61
1412	3.61
1413	3.62
1414	3.62
1415	3.62
1416	3.62
1417	3.63
1418	3.63
1419	3.63
1420	3.63
1421	3.63
1422	3.64
1423	3.64
1424	3.64
1425	3.64
1426	3.65
1427	3.65
1428	3.65
1429	3.65
1430	3.66
1431	3.66
1432	3.66
1433	3.66
1434	3.66
1435	3.66
1436	3.67
1437	3.67
1438	3.67
1439	3.67
1440	3.68
1441	3.68
1442	3.69
1443	3.69
1444	3.69
1445	3.69
1446	3.7
1447	3.7
1448	3.7
1449	3.7
1450	3.71
1451	3.71
1452	3.71
1453	3.71
1454	3.72
1455	3.72
1456	3.72
1457	3.72
1458	3.73
1459	3.73
1460	3.73
1461	3.73
1462	3.73
1463	3.74
1464	3.74
1465	3.74
1466	3.74
1467	3.74
1468	3.75
1469	3.75
1470	3.75
1471	3.75
1472	3.75
1473	3.76
1474	3.76
1475	3.76
1476	3.76
1477	3.77
1478	3.77
1479	3.77
1480	3.77
1481	3.78
1482	3.78
1483	3.78
1484	3.78
1485	3.79
1486	3.79
1487	3.79
1488	3.79
1489	3.79
1490	3.79
1491	3.81
1492	3.81
1493	3.81
1494	3.81
1495	3.82
1496	3.82
1497	3.82
1498	3.82
1499	3.83
1500	3.83
1501	3.83
1502	3.83
1503	3.83
1504	3.84
1505	3.84
1506	3.84
1507	3.84
1508	3.85
1509	3.85
1510	3.85
1511	3.85
1512	3.86
1513	3.86
1514	3.86
1515	3.86
1516	3.86
1517	3.86
1518	3.87
1519	3.87
1520	3.87
1521	3.87
1522	3.87
1523	3.87
1524	3.88
1525	3.88
1526	3.88
1527	3.88
1528	3.89
1529	3.89
1530	3.89
1531	3.9
1532	3.9
1533	3.9
1534	3.9
1535	3.91
1536	3.91
1537	3.91
1538	3.91
1539	3.91
1540	3.92
1541	3.92
1542	3.92
1543	3.92
1544	3.93
1545	3.93
1546	3.93
1547	3.93
1548	3.94
1549	3.94
1550	3.94
1551	3.94
1552	3.95
1553	3.95
1554	3.95
1555	3.95
1556	3.95
1557	3.95
1558	3.97
1559	3.97
1560	3.97
1561	3.97
1562	3.98
1563	3.98
1564	3.98
1565	3.98
1566	3.98
1567	3.99
1568	3.99
1569	3.99
1570	3.99
1571	4
1572	4
1573	4
1574	4
1575	4.01
1576	4.01
1577	4.01
1578	4.01
1579	4.02
1580	4.02
1581	4.02
1582	4.02
1583	4.03
1584	4.03
1585	4.03
1586	4.03
1587	4.04
1588	4.04
1589	4.04
1590	4.04
1591	4.04
1592	4.05
1593	4.05
1594	4.05
1595	4.05
1596	4.06
1597	4.06
1598	4.06
1599	4.06
1600	4.07
1601	4.07
1602	4.07
1603	4.07
1604	4.08
1605	4.08
1606	4.08
1607	4.08
1608	4.09
1609	4.09
1610	4.09
1611	4.09
1612	4.09
1613	4.09
1614	4.1
1615	4.1
1616	4.1
1617	4.1
1618	4.11
1619	4.11
1620	4.11
1621	4.11
1622	4.11
1623	4.11
1624	4.12
1625	4.12
1626	4.12
1627	4.12
1628	4.12
1629	4.13
1630	4.13
1631	4.13
1632	4.13
1633	4.14
1634	4.14
1635	4.14
1636	4.14
1637	4.15
1638	4.15
1639	4.15
1640	4.15
1641	4.16
1642	4.16
1643	4.16
1644	4.16
1645	4.17
1646	4.17
1647	4.18
1648	4.18
1649	4.18
1650	4.18
1651	4.19
1652	4.19
1653	4.19
1654	4.19
1655	4.19
1656	4.2
1657	4.2
1658	4.2
1659	4.2
1660	4.2
1661	4.21
1662	4.21
1663	4.21
1664	4.21
1665	4.21
1666	4.22
1667	4.22
1668	4.22
1669	4.22
1670	4.23
1671	4.23
1672	4.23
1673	4.23
1674	4.24
1675	4.24
1676	4.24
1677	4.24
1678	4.25
1679	4.25
1680	4.25
1681	4.25
1682	4.25
1683	4.26
1684	4.26
1685	4.26
1686	4.26
1687	4.27
1688	4.27
1689	4.27
1690	4.27
1691	4.28
1692	4.28
1693	4.29
1694	4.29
1695	4.29
1696	4.29
1697	4.3
1698	4.3
1699	4.3
1700	4.3
1701	4.31
1702	4.31
1703	4.31
1704	4.31
1705	4.32
1706	4.32
1707	4.32
1708	4.32
1709	4.32
1710	4.33
1711	4.33
1712	4.33
1713	4.33
1714	4.34
1715	4.34
1716	4.34
1717	4.34
1718	4.35
1719	4.35
1720	4.35
1721	4.35
1722	4.36
1723	4.36
1724	4.36
1725	4.36
1726	4.36
1727	4.37
1728	4.37
1729	4.37
1730	4.37
1731	4.38
1732	4.38
1733	4.38
1734	4.38
1735	4.39
1736	4.39
1737	4.39
1738	4.39
1739	4.4
1740	4.4
1741	4.4
1742	4.4
1743	4.4
1744	4.4
1745	4.41
1746	4.41
1747	4.41
1748	4.41
1749	4.41
1750	4.41
1751	4.42
1752	4.42
1753	4.43
1754	4.43
1755	4.43
1756	4.43
1757	4.43
1758	4.43
1759	4.44
1760	4.44
1761	4.44
1762	4.44
1763	4.45
1764	4.45
1765	4.45
1766	4.45
1767	4.46
1768	4.46
1769	4.46
1770	4.46
1771	4.47
1772	4.47
1773	4.47
1774	4.47
1775	4.47
1776	4.48
1777	4.48
1778	4.48
1779	4.48
1780	4.48
1781	4.49
1782	4.5
1783	4.5
1784	4.5
1785	4.5
1786	4.51
1787	4.51
1788	4.51
1789	4.51
1790	4.52
1791	4.52
1792	4.52
1793	4.52
1794	4.53
1795	4.53
1796	4.53
1797	4.53
1798	4.54
1799	4.54
1800	4.54
1801	4.54
1802	4.54
1803	4.55
1804	4.55
1805	4.55
1806	4.55
1807	4.55
1808	4.56
1809	4.56
1810	4.56
1811	4.56
1812	4.56
1813	4.57
1814	4.57
1815	4.57
1816	4.57
1817	4.57
1818	4.57
1819	4.58
1820	4.58
1821	4.58
1822	4.58
1823	4.59
1824	4.6
1825	4.6
1826	4.6
1827	4.6
1828	4.6
1829	4.61
1830	4.61
1831	4.61
1832	4.61
1833	4.62
1834	4.62
1835	4.62
1836	4.62
1837	4.63
1838	4.63
1839	4.63
1840	4.63
1841	4.64
1842	4.64
1843	4.64
1844	4.64
1845	4.65
1846	4.65
1847	4.65
1848	4.65
1849	4.65
1850	4.66
1851	4.66
1852	4.66
1853	4.66
1854	4.67
1855	4.67
1856	4.67
1857	4.67
1858	4.68
1859	4.68
1860	4.68
1861	4.68
1862	4.68
1863	4.68
1864	4.69
1865	4.69
1866	4.69
1867	4.69
1868	4.7
1869	4.7
1870	4.7
1871	4.7
1872	4.71
1873	4.71
1874	4.71
1875	4.71
1876	4.72
1877	4.72
1878	4.72
1879	4.72
1880	4.72
1881	4.73
1882	4.73
1883	4.73
1884	4.73
1885	4.74
1886	4.74
1887	4.74
1888	4.74
1889	4.75
1890	4.75
1891	4.75
1892	4.75
1893	4.76
1894	4.76
1895	4.76
1896	4.76
1897	4.76
1898	4.77
1899	4.77
1900	4.77
1901	4.77
1902	4.78
1903	4.78
1904	4.78
1905	4.79
1906	4.79
1907	4.79
1908	4.8
1909	4.8
1910	4.8
1911	4.8
1912	4.81
1913	4.81
1914	4.81
1915	4.81
1916	4.82
1917	4.82
1918	4.82
1919	4.82
1920	4.83
1921	4.83
1922	4.83
1923	4.83
1924	4.84
1925	4.84
1926	4.84
1927	4.84
1928	4.84
1929	4.84
1930	4.85
1931	4.85
1932	4.85
1933	4.85
1934	4.86
1935	4.86
1936	4.86
1937	4.86
1938	4.87
1939	4.87
1940	4.87
1941	4.87
1942	4.87
1943	4.88
1944	4.88
1945	4.88
1946	4.88
1947	4.88
1948	4.88
1949	4.89
1950	4.89
1951	4.89
1952	4.89
1953	4.9
1954	4.9
1955	4.91
1956	4.91
1957	4.91
1958	4.91
1959	4.91
1960	4.92
1961	4.92
1962	4.92
1963	4.92
1964	4.92
1965	4.93
1966	4.93
1967	4.93
1968	4.93
1969	4.94
1970	4.94
1971	4.94
1972	4.94
1973	4.95
1974	4.95
1975	4.95
1976	4.95
1977	4.96
1978	4.96
1979	4.96
1980	4.96
1981	4.97
1982	4.97
1983	4.98
1984	4.98
1985	4.98
1986	4.98
1987	4.99
1988	4.99
1989	4.99
1990	4.99
1991	4.99
1992	5
1993	5
1994	5
1995	5
1996	5.01
1997	5.01
1998	5.01
1999	5.01
2000	5.02
2001	5.02
2002	5.02
2003	5.02
2004	5.03
2005	5.03
2006	5.03
2007	5.03
2008	5.04
2009	5.04
2010	5.04
2011	5.04
2012	5.04
2013	5.05
2014	5.05
2015	5.05
2016	5.05
2017	5.06
2018	5.06
2019	5.06
2020	5.06
2021	5.07
2022	5.07
2023	5.07
2024	5.07
2025	5.08
2026	5.08
2027	5.08
2028	5.08
2029	5.09
2030	5.09
2031	5.09
2032	5.09
2033	5.09
2034	5.1
2035	5.1
2036	5.1
2037	5.1
2038	5.11
2039	5.11
2040	5.11
2041	5.11
2042	5.12
2043	5.12
2044	5.12
2045	5.12
2046	5.13
2047	5.13
2048	5.13
2049	5.13
2050	5.14
2051	5.14
2052	5.14
2053	5.14
2054	5.14
2055	5.14
2056	5.14
2057	5.14
2058	5.15
2059	5.15
2060	5.15
2061	5.16
2062	5.16
2063	5.16
2064	5.17
2065	5.17
2066	5.17
2067	5.17
2068	5.17
2069	5.17
2070	5.18
2071	5.18
2072	5.18
2073	5.18
2074	5.19
2075	5.19
2076	5.19
2077	5.19
2078	5.2
2079	5.2
2080	5.2
2081	5.2
2082	5.21
2083	5.21
2084	5.21
2085	5.21
2086	5.21
2087	5.22
2088	5.22
2089	5.22
2090	5.22
2091	5.23
2092	5.23
2093	5.23
2094	5.23
2095	5.24
2096	5.24
2097	5.24
2098	5.24
2099	5.25
2100	5.25
2101	5.25
2102	5.25
2103	5.25
2104	5.26
2105	5.26
2106	5.26
2107	5.26
2108	5.27
2109	5.27
2110	5.27
2111	5.27
2112	5.28
2113	5.28
2114	5.28
2115	5.28
2116	5.29
2117	5.29
2118	5.29
2119	5.29
2120	5.29
2121	5.3
2122	5.3
2123	5.3
2124	5.3
2125	5.31
2126	5.31
2127	5.31
2128	5.31
2129	5.32
2130	5.32
2131	5.32
2132	5.32
2133	5.33
2134	5.33
2135	5.33
2136	5.33
2137	5.33
2138	5.34
2139	5.34
2140	5.34
2141	5.35
2142	5.35
2143	5.36
2144	5.36
2145	5.36
2146	5.36
2147	5.36
2148	5.36
2149	5.37
2150	5.37
2151	5.37
2152	5.37
2153	5.37
2154	5.38
2155	5.38
2156	5.38
2157	5.38
2158	5.39
2159	5.39
2160	5.39
2161	5.39
2162	5.4
2163	5.4
2164	5.4
2165	5.4
2166	5.41
2167	5.41
2168	5.41
2169	5.41
2170	5.41
2171	5.42
2172	5.42
2173	5.42
2174	5.42
2175	5.43
2176	5.43
2177	5.43
2178	5.43
2179	5.44
2180	5.44
2181	5.44
2182	5.44
2183	5.45
2184	5.45
2185	5.45
2186	5.45
2187	5.46
2188	5.46
2189	5.46
2190	5.46
2191	5.46
2192	5.47
2193	5.47
2194	5.47
2195	5.47
2196	5.47
2197	5.48
2198	5.48
2199	5.48
2200	5.48
2201	5.48
2202	5.49
2203	5.49
2204	5.49
2205	5.49
2206	5.5
2207	5.5
2208	5.5
2209	5.5
2210	5.51
2211	5.51
2212	5.51
2213	5.51
2214	5.52
2215	5.52
2216	5.52
2217	5.52
2218	5.53
2219	5.53
2220	5.53
2221	5.53
2222	5.53
2223	5.54
2224	5.54
2225	5.54
2226	5.54
2227	5.55
2228	5.55
2229	5.55
2230	5.55
2231	5.56
2232	5.56
2233	5.56
2234	5.56
2235	5.57
2236	5.57
2237	5.57
2238	5.57
2239	5.58
2240	5.58
2241	5.58
2242	5.58
2243	5.59
2244	5.59
2245	5.6
2246	5.6
2247	5.6
2248	5.6
2249	5.61
2250	5.61
2251	5.61
2252	5.61
2253	5.61
2254	5.62
2255	5.62
2256	5.62
2257	5.62
2258	5.63
2259	5.63
2260	5.63
2261	5.63
2262	5.63
2263	5.63
2264	5.64
2265	5.65
2266	5.65
2267	5.65
2268	5.65
2269	5.65
2270	5.66
2271	5.66
2272	5.66
2273	5.66
2274	5.67
2275	5.67
2276	5.67
2277	5.67
2278	5.68
2279	5.68
2280	5.68
2281	5.68
2282	5.69
2283	5.69
2284	5.69
2285	5.69
2286	5.7
2287	5.7
2288	5.7
2289	5.7
2290	5.7
2291	5.71
2292	5.71
2293	5.71
2294	5.71
2295	5.72
2296	5.72
2297	5.72
2298	5.72
2299	5.73
2300	5.73
2301	5.73
2302	5.73
2303	5.74
2304	5.74
2305	5.74
2306	5.74
2307	5.75
2308	5.75
2309	5.75
2310	5.75
2311	5.75
2312	5.76
2313	5.76
2314	5.76
2315	5.76
2316	5.76
2317	5.76
2318	5.77
2319	5.77
2320	5.77
2321	5.77
2322	5.78
2323	5.78
2324	5.78
2325	5.78
2326	5.79
2327	5.79
2328	5.79
2329	5.79
2330	5.8
2331	5.8
2332	5.8
2333	5.8
2334	5.81
2335	5.81
2336	5.81
2337	5.81
2338	5.81
2339	5.82
2340	5.82
2341	5.82
2342	5.82
2343	5.83
2344	5.83
2345	5.83
2346	5.83
2347	5.84
2348	5.84
2349	5.84
2350	5.84
2351	5.85
2352	5.85
2353	5.85
2354	5.85
2355	5.86
2356	5.86
2357	5.86
2358	5.86
2359	5.87
2360	5.87
2361	5.87
2362	5.87
2363	5.88
2364	5.88
2365	5.88
2366	5.88
2367	5.89
2368	5.89
2369	5.89
2370	5.89
2371	5.89
2372	5.9
2373	5.9
2374	5.9
2375	5.9
2376	5.91
2377	5.91
2378	5.91
2379	5.91
2380	5.92
2381	5.92
2382	5.92
2383	5.92
2384	5.93
2385	5.93
2386	5.93
2387	5.93
2388	5.94
2389	5.94
2390	5.94
2391	5.94
2392	5.94
2393	5.95
2394	5.95
2395	5.95
2396	5.95
2397	5.96
2398	5.96
2399	5.96
2400	5.96
2401	5.97
2402	5.97
2403	5.97
2404	5.97
2405	5.98
2406	5.98
2407	5.98
2408	5.98
2409	5.99
2410	5.99
2411	5.99
2412	5.99
2413	5.99
2414	6
2415	6
2416	6
2417	6
2418	6.01
2419	6.01
2420	6.01
2421	6.01
2422	6.02
2423	6.02
2424	6.02
2425	6.02
2426	6.03
2427	6.03
2428	6.03
2429	6.03
2430	6.04
2431	6.04
2432	6.04
2433	6.04
2434	6.04
2435	6.05
2436	6.05
2437	6.05
2438	6.05
2439	6.06
2440	6.06
2441	6.06
2442	6.06
2443	6.07
2444	6.07
2445	6.07
2446	6.07
2447	6.08
2448	6.08
2449	6.08
2450	6.08
2451	6.09
2452	6.09
2453	6.09
2454	6.09
2455	6.09
2456	6.1
2457	6.1
2458	6.1
2459	6.1
2460	6.11
2461	6.11
2462	6.11
2463	6.11
2464	6.12
2465	6.12
2466	6.12
2467	6.12
2468	6.13
2469	6.13
2470	6.13
2471	6.13
2472	6.14
2473	6.14
2474	6.14
2475	6.14
2476	6.14
2477	6.15
2478	6.15
2479	6.15
2480	6.15
2481	6.16
2482	6.16
2483	6.16
2484	6.16
2485	6.17
2486	6.17
2487	6.17
2488	6.17
2489	6.18
2490	6.18
2491	6.18
2492	6.18
2493	6.18
2494	6.19
2495	6.19
2496	6.19
2497	6.19
2498	6.2
2499	6.2
2500	6.2
2501	6.2
2502	6.21
2503	6.21
2504	6.21
2505	6.21
2506	6.22
2507	6.22
2508	6.22
2509	6.22
2510	6.22
2511	6.23
2512	6.23
2513	6.23
2514	6.23
2515	6.24
2516	6.24
2517	6.24
2518	6.24
2519	6.25
2520	6.25
2521	6.25
2522	6.25
2523	6.26
2524	6.26
2525	6.26
2526	6.26
2527	6.26
2528	6.27
2529	6.27
2530	6.27
2531	6.27
2532	6.28
2533	6.28
2534	6.28
2535	6.28
2536	6.29
2537	6.29
2538	6.29
2539	6.29
2540	6.3
2541	6.3
2542	6.3
2543	6.3
2544	6.31
2545	6.31
2546	6.31
2547	6.31
2548	6.31
2549	6.32
2550	6.32
2551	6.32
2552	6.33
2553	6.33
2554	6.33
2555	6.33
2556	6.33
2557	6.34
2558	6.34
2559	6.34
2560	6.34
2561	6.35
2562	6.35
2563	6.35
2564	6.35
2565	6.36
2566	6.36
2567	6.36
2568	6.36
2569	6.36
2570	6.36
2571	6.37
2572	6.37
2573	6.37
2574	6.37
2575	6.38
2576	6.38
2577	6.38
2578	6.38
2579	6.38
2580	6.39
2581	6.39
2582	6.39
2583	6.39
2584	6.4
2585	6.4
2586	6.41
2587	6.41
2588	6.41
2589	6.41
2590	6.42
2591	6.42
2592	6.42
2593	6.42
2594	6.43
2595	6.43
2596	6.43
2597	6.43
2598	6.43
2599	6.43
2600	6.44
2601	6.44
2602	6.44
2603	6.44
2604	6.45
2605	6.45
2606	6.45
2607	6.45
2608	6.45
2609	6.46
2610	6.46
2611	6.46
2612	6.46
2613	6.47
2614	6.47
2615	6.47
2616	6.47
2617	6.48
2618	6.48
2619	6.48
2620	6.48
2621	6.48
2622	6.48
2623	6.49
2624	6.49
2625	6.49
2626	6.49
2627	6.5
2628	6.5
2629	6.5
2630	6.5
2631	6.5
2632	6.51
2633	6.51
2634	6.51
2635	6.51
2636	6.52
2637	6.52
2638	6.52
2639	6.52
2640	6.53
2641	6.53
2642	6.53
2643	6.53
2644	6.54
2645	6.54
2646	6.54
2647	6.54
2648	6.54
2649	6.55
2650	6.55
2651	6.55
2652	6.55
2653	6.56
2654	6.56
2655	6.56
2656	6.56
2657	6.57
2658	6.57
2659	6.57
2660	6.57
2661	6.57
2662	6.58
2663	6.58
2664	6.58
2665	6.58
2666	6.59
2667	6.6
2668	6.6
2669	6.6
2670	6.6
2671	6.6
2672	6.61
2673	6.61
2674	6.61
2675	6.61
2676	6.61
2677	6.61
2678	6.62
2679	6.63
2680	6.63
2681	6.63
2682	6.63
2683	6.63
2684	6.64
2685	6.64
2686	6.64
2687	6.64
2688	6.65
2689	6.65
2690	6.65
2691	6.65
2692	6.66
2693	6.66
2694	6.66
2695	6.66
2696	6.67
2697	6.67
2698	6.67
2699	6.67
2700	6.67
2701	6.68
2702	6.68
2703	6.68
2704	6.68
2705	6.69
2706	6.69
2707	6.69
2708	6.69
2709	6.7
2710	6.7
2711	6.7
2712	6.7
2713	6.71
2714	6.71
2715	6.71
2716	6.71
2717	6.71
2718	6.71
2719	6.71
2720	6.71
2721	6.72
2722	6.72
2723	6.72
2724	6.72
2725	6.73
2726	6.74
2727	6.74
2728	6.74
2729	6.74
2730	6.74
2731	6.75
2732	6.75
2733	6.75
2734	6.75
2735	6.75
2736	6.76
2737	6.76
2738	6.76
2739	6.76
2740	6.77
2741	6.77
2742	6.77
2743	6.77
2744	6.78
2745	6.78
2746	6.78
2747	6.78
2748	6.78
2749	6.78
2750	6.78
2751	6.79
2752	6.8
2753	6.8
2754	6.8
2755	6.8
2756	6.81
2757	6.81
2758	6.81
2759	6.81
2760	6.82
2761	6.82
2762	6.82
2763	6.82
2764	6.82
2765	6.83
2766	6.83
2767	6.83
2768	6.83
2769	6.84
2770	6.84
2771	6.84
2772	6.84
2773	6.84
2774	6.84
2775	6.85
2776	6.85
2777	6.85
2778	6.85
2779	6.86
2780	6.86
2781	6.86
2782	6.86
2783	6.87
2784	6.87
2785	6.87
2786	6.87
2787	6.87
2788	6.88
2789	6.88
2790	6.88
2791	6.88
2792	6.89
2793	6.89
2794	6.89
2795	6.89
2796	6.89
2797	6.89
2798	6.9
2799	6.9
2800	6.9
2801	6.9
2802	6.91
2803	6.91
2804	6.91
2805	6.91
2806	6.92
2807	6.92
2808	6.92
2809	6.92
2810	6.93
2811	6.93
2812	6.94
2813	6.94
2814	6.94
2815	6.94
2816	6.95
2817	6.95
2818	6.95
2819	6.95
2820	6.95
2821	6.96
2822	6.96
2823	6.96
2824	6.96
2825	6.97
2826	6.97
2827	6.97
2828	6.97
2829	6.98
2830	6.98
2831	6.98
2832	6.98
2833	6.99
2834	6.99
2835	6.99
2836	6.99
2837	6.99
2838	7
2839	7
2840	7
2841	7
2842	7.01
2843	7.01
2844	7.01
2845	7.01
2846	7.02
2847	7.02
2848	7.02
2849	7.02
2850	7.03
2851	7.03
2852	7.03
2853	7.03
2854	7.03
2855	7.04
2856	7.04
2857	7.04
2858	7.04
2859	7.04
2860	7.04
2861	7.05
2862	7.05
2863	7.05
2864	7.05
2865	7.06
2866	7.06
2867	7.06
2868	7.07
2869	7.07
2870	7.07
2871	7.08
2872	7.08
2873	7.08
2874	7.08
2875	7.08
2876	7.08
2877	7.09
2878	7.09
2879	7.09
2880	7.09
2881	7.1
2882	7.1
2883	7.1
2884	7.1
2885	7.11
2886	7.11
2887	7.11
2888	7.11
2889	7.12
2890	7.12
2891	7.12
2892	7.12
2893	7.12
2894	7.13
2895	7.13
2896	7.13
2897	7.13
2898	7.14
2899	7.14
2900	7.14
2901	7.14
2902	7.15
2903	7.15
2904	7.15
2905	7.15
2906	7.16
2907	7.16
2908	7.16
2909	7.16
2910	7.16
2911	7.17
2912	7.17
2913	7.17
2914	7.17
2915	7.18
2916	7.18
2917	7.18
2918	7.18
2919	7.19
2920	7.19
2921	7.19
2922	7.19
2923	7.2
2924	7.2
2925	7.2
2926	7.2
2927	7.21
2928	7.21
2929	7.21
2930	7.21
2931	7.21
2932	7.22
2933	7.22
2934	7.22
2935	7.22
2936	7.23
2937	7.23
2938	7.23
2939	7.23
2940	7.23
2941	7.23
2942	7.24
2943	7.24
2944	7.25
2945	7.25
2946	7.25
2947	7.25
2948	7.26
2949	7.26
2950	7.26
2951	7.26
2952	7.26
2953	7.26
2954	7.26
2955	7.27
2956	7.28
2957	7.28
2958	7.28
2959	7.28
2960	7.29
2961	7.29
2962	7.29
2963	7.29
2964	7.3
2965	7.3
2966	7.3
2967	7.3
2968	7.3
2969	7.3
2970	7.31
2971	7.31
2972	7.31
2973	7.31
2974	7.31
2975	7.31
2976	7.32
2977	7.32
2978	7.32
2979	7.32
2980	7.33
2981	7.33
2982	7.33
2983	7.33
2984	7.34
2985	7.34
2986	7.35
2987	7.35
2988	7.35
2989	7.35
2990	7.36
2991	7.36
2992	7.36
2993	7.36
2994	7.36
2995	7.36
2996	7.37
2997	7.37
2998	7.37
2999	7.37
3000	7.37
3001	7.38
3002	7.38
3003	7.38
3004	7.38
3005	7.39
3006	7.39
3007	7.39
3008	7.39
3009	7.4
3010	7.4
3011	7.4
3012	7.4
3013	7.41
3014	7.41
3015	7.41
3016	7.41
3017	7.41
3018	7.42
3019	7.42
3020	7.42
3021	7.42
3022	7.43
3023	7.43
3024	7.43
3025	7.43
3026	7.44
3027	7.44
3028	7.44
3029	7.44
3030	7.45
3031	7.45
3032	7.45
3033	7.45
3034	7.45
3035	7.46
3036	7.46
3037	7.46
3038	7.46
3039	7.47
3040	7.47
3041	7.47
3042	7.47
3043	7.48
3044	7.48
3045	7.48
3046	7.48
3047	7.49
3048	7.49
3049	7.49
3050	7.49
3051	7.49
3052	7.5
3053	7.5
3054	7.5
3055	7.5
3056	7.51
3057	7.51
3058	7.51
3059	7.51
3060	7.52
3061	7.52
3062	7.52
3063	7.52
3064	7.52
3065	7.53
3066	7.54
3067	7.54
3068	7.54
3069	7.54
3070	7.55
3071	7.55
3072	7.55
3073	7.55
3074	7.56
3075	7.56
3076	7.56
3077	7.56
3078	7.56
3079	7.57
3080	7.57
3081	7.57
3082	7.57
3083	7.58
3084	7.58
3085	7.58
3086	7.58
3087	7.59
3088	7.59
3089	7.59
3090	7.59
3091	7.6
3092	7.6
3093	7.6
3094	7.6
3095	7.6
3096	7.61
3097	7.61
3098	7.61
3099	7.61
3100	7.61
3101	7.62
3102	7.62
3103	7.62
3104	7.62
3105	7.62
3106	7.63
3107	7.63
3108	7.63
3109	7.63
3110	7.64
3111	7.64
3112	7.64
3113	7.64
3114	7.65
3115	7.65
3116	7.65
3117	7.65
3118	7.66
3119	7.66
3120	7.66
3121	7.66
3122	7.66
3123	7.67
3124	7.67
3125	7.67
3126	7.67
3127	7.68
3128	7.68
3129	7.68
3130	7.68
3131	7.69
3132	7.69
3133	7.69
3134	7.69
3135	7.69
3136	7.7
3137	7.7
3138	7.7
3139	7.71
3140	7.71
3141	7.71
3142	7.71
3143	7.72
3144	7.72
3145	7.72
3146	7.72
3147	7.73
3148	7.73
3149	7.73
3150	7.73
3151	7.74
3152	7.74
3153	7.74
3154	7.74
3155	7.75
3156	7.75
3157	7.75
3158	7.75
3159	7.75
3160	7.76
3161	7.76
3162	7.76
3163	7.76
3164	7.77
3165	7.77
3166	7.77
3167	7.77
3168	7.78
3169	7.78
3170	7.78
3171	7.78
3172	7.79
3173	7.79
3174	7.79
3175	7.79
3176	7.79
3177	7.8
3178	7.8
3179	7.8
3180	7.8
3181	7.81
3182	7.81
3183	7.81
3184	7.81
3185	7.82
3186	7.82
3187	7.82
3188	7.82
3189	7.83
3190	7.83
3191	7.83
3192	7.83
3193	7.84
3194	7.84
3195	7.84
3196	7.84
3197	7.84
3198	7.84
3199	7.85
3200	7.85
3201	7.85
3202	7.85
3203	7.86
3204	7.86
3205	7.86
3206	7.86
3207	7.86
3208	7.87
3209	7.87
3210	7.87
3211	7.87
3212	7.88
3213	7.88
3214	7.88
3215	7.88
3216	7.89
3217	7.89
3218	7.89
3219	7.89
3220	7.9
3221	7.9
3222	7.9
3223	7.9
3224	7.9
3225	7.91
3226	7.91
3227	7.91
3228	7.91
3229	7.92
3230	7.92
3231	7.92
3232	7.92
3233	7.93
3234	7.93
3235	7.93
3236	7.93
3237	7.94
3238	7.94
3239	7.95
3240	7.95
3241	7.95
3242	7.95
3243	7.95
3244	7.95
3245	7.96
3246	7.96
3247	7.96
3248	7.96
3249	7.96
3250	7.96
3251	7.97
3252	7.97
3253	7.97
3254	7.97
3255	7.98
3256	7.98
3257	7.98
3258	7.98
3259	7.99
3260	7.99
3261	7.99
3262	7.99
3263	8
3264	8
3265	8
3266	8
3267	8.01
3268	8.01
3269	8.02
3270	8.02
3271	8.02
3272	8.02
3273	8.02
3274	8.02
3275	8.02
3276	8.03
3277	8.04
3278	8.04
3279	8.04
3280	8.04
3281	8.04
3282	8.04
3283	8.05
3284	8.05
3285	8.05
3286	8.05
3287	8.06
3288	8.06
3289	8.06
3290	8.06
3291	8.07
3292	8.07
3293	8.07
3294	8.07
3295	8.07
3296	8.08
3297	8.08
3298	8.08
3299	8.08
3300	8.09
3301	8.09
3302	8.09
3303	8.09
3304	8.1
3305	8.1
3306	8.1
3307	8.1
3308	8.1
3309	8.1
3310	8.11
3311	8.11
3312	8.11
3313	8.11
3314	8.12
3315	8.12
3316	8.12
3317	8.12
3318	8.13
3319	8.13
3320	8.14
3321	8.14
3322	8.14
3323	8.14
3324	8.15
3325	8.15
3326	8.15
3327	8.15
3328	8.15
3329	8.16
3330	8.16
3331	8.16
3332	8.16
3333	8.17
3334	8.17
3335	8.17
3336	8.17
3337	8.18
3338	8.18
3339	8.18
3340	8.18
3341	8.19
3342	8.19
3343	8.19
3344	8.19
3345	8.19
3346	8.2
3347	8.2
3348	8.2
3349	8.2
3350	8.2
3351	8.21
3352	8.21
3353	8.21
3354	8.21
3355	8.21
3356	8.22
3357	8.22
3358	8.22
3359	8.22
3360	8.22
3361	8.23
3362	8.24
3363	8.24
3364	8.24
3365	8.24
3366	8.25
3367	8.25
3368	8.25
3369	8.25
3370	8.25
3371	8.25
3372	8.26
3373	8.26
3374	8.26
3375	8.26
3376	8.27
3377	8.27
3378	8.27
3379	8.27
3380	8.27
3381	8.27
3382	8.28
3383	8.28
3384	8.28
3385	8.28
3386	8.29
3387	8.29
3388	8.29
3389	8.29
3390	8.3
3391	8.3
3392	8.3
3393	8.3
3394	8.3
3395	8.31
3396	8.32
3397	8.32
3398	8.32
3399	8.32
3400	8.32
3401	8.33
3402	8.33
3403	8.33
3404	8.33
3405	8.34
3406	8.34
3407	8.34
3408	8.34
3409	8.34
3410	8.34
3411	8.35
3412	8.35
3413	8.35
3414	8.35
3415	8.36
3416	8.36
3417	8.36
3418	8.36
3419	8.37
3420	8.37
3421	8.37
3422	8.37
3423	8.37
3424	8.38
3425	8.38
3426	8.38
3427	8.39
3428	8.39
3429	8.39
3430	8.4
3431	8.4
3432	8.4
3433	8.4
3434	8.41
3435	8.41
3436	8.41
3437	8.41
3438	8.41
3439	8.41
3440	8.42
3441	8.42
3442	8.42
3443	8.42
3444	8.43
3445	8.43
3446	8.43
3447	8.43
3448	8.44
3449	8.44
3450	8.44
3451	8.44
3452	8.44
3453	8.45
3454	8.45
3455	8.45
3456	8.45
3457	8.46
3458	8.46
3459	8.46
3460	8.46
3461	8.47
3462	8.47
3463	8.47
3464	8.47
3465	8.48
3466	8.48
3467	8.48
3468	8.48
3469	8.49
3470	8.49
3471	8.49
3472	8.49
3473	8.49
3474	8.5
3475	8.5
3476	8.5
3477	8.5
3478	8.51
3479	8.51
3480	8.51
3481	8.51
3482	8.52
3483	8.52
3484	8.52
3485	8.52
3486	8.53
3487	8.53
3488	8.53
3489	8.53
3490	8.54
3491	8.54
3492	8.54
3493	8.54
3494	8.54
3495	8.55
3496	8.55
3497	8.55
3498	8.55
3499	8.55
3500	8.55
3501	8.56
3502	8.56
3503	8.56
3504	8.56
3505	8.57
3506	8.57
3507	8.57
3508	8.57
3509	8.58
3510	8.58
3511	8.58
3512	8.58
3513	8.59
3514	8.59
3515	8.6
3516	8.6
3517	8.6
3518	8.6
3519	8.61
3520	8.61
3521	8.61
3522	8.61
3523	8.62
3524	8.62
3525	8.62
3526	8.62
3527	8.62
3528	8.63
3529	8.63
3530	8.63
3531	8.63
3532	8.64
3533	8.64
3534	8.64
3535	8.64
3536	8.64
3537	8.65
3538	8.65
3539	8.66
3540	8.66
3541	8.66
3542	8.66
3543	8.66
3544	8.67
3545	8.67
3546	8.67
3547	8.67
3548	8.68
3549	8.68
3550	8.68
3551	8.68
3552	8.69
3553	8.69
3554	8.69
3555	8.69
3556	8.7
3557	8.7
3558	8.7
3559	8.7
3560	8.7
3561	8.71
3562	8.71
3563	8.71
3564	8.71
3565	8.72
3566	8.72
3567	8.72
3568	8.72
3569	8.73
3570	8.73
3571	8.73
3572	8.73
3573	8.74
3574	8.74
3575	8.74
3576	8.74
3577	8.74
3578	8.75
3579	8.75
3580	8.75
3581	8.75
3582	8.76
3583	8.76
3584	8.76
3585	8.76
3586	8.77
3587	8.77
3588	8.77
3589	8.77
3590	8.78
3591	8.78
3592	8.78
3593	8.78
3594	8.78
3595	8.79
3596	8.79
3597	8.79
3598	8.79
3599	8.79
3600	8.8
3601	8.8
3602	8.8
3603	8.8
3604	8.8
3605	8.8
3606	8.81
3607	8.81
3608	8.81
3609	8.81
3610	8.81
3611	8.82
3612	8.82
3613	8.82
3614	8.82
3615	8.83
3616	8.84
3617	8.84
3618	8.84
3619	8.84
3620	8.84
3621	8.84
3622	8.85
3623	8.85
3624	8.85
3625	8.85
3626	8.85
3627	8.86
3628	8.86
3629	8.86
3630	8.86
3631	8.87
3632	8.87
3633	8.87
3634	8.87
3635	8.88
3636	8.88
3637	8.88
3638	8.88
3639	8.89
3640	8.89
3641	8.89
3642	8.89
3643	8.89
3644	8.9
3645	8.9
3646	8.9
3647	8.9
3648	8.91
3649	8.91
3650	8.91
3651	8.91
3652	8.92
3653	8.92
3654	8.92
3655	8.92
3656	8.93
3657	8.93
3658	8.93
3659	8.93
3660	8.94
3661	8.94
3662	8.94
3663	8.94
3664	8.94
3665	8.95
3666	8.95
3667	8.95
3668	8.95
3669	8.96
3670	8.96
3671	8.96
3672	8.96
3673	8.97
3674	8.97
3675	8.97
3676	8.97
3677	8.98
3678	8.98
3679	8.98
3680	8.98
3681	8.99
3682	8.99
3683	8.99
3684	8.99
3685	8.99
3686	9
3687	9
3688	9
3689	9.01
3690	9.01
3691	9.01
3692	9.01
3693	9.02
3694	9.02
3695	9.02
3696	9.02
3697	9.03
3698	9.03
3699	9.03
3700	9.03
3701	9.03
3702	9.04
3703	9.04
3704	9.04
3705	9.04
3706	9.05
3707	9.05
3708	9.05
3709	9.05
3710	9.06
3711	9.06
3712	9.06
3713	9.06
3714	9.07
3715	9.07
3716	9.07
3717	9.07
3718	9.07
3719	9.08
3720	9.08
3721	9.08
3722	9.08
3723	9.09
3724	9.09
3725	9.09
3726	9.09
3727	9.1
3728	9.1
3729	9.1
3730	9.1
3731	9.1
3732	9.1
3733	9.11
3734	9.11
3735	9.11
3736	9.11
3737	9.12
3738	9.12
3739	9.13
3740	9.13
3741	9.13
3742	9.13
3743	9.14
3744	9.14
3745	9.14
3746	9.14
3747	9.15
3748	9.15
3749	9.15
3750	9.15
3751	9.15
3752	9.16
3753	9.16
3754	9.16
3755	9.16
3756	9.17
3757	9.17
3758	9.17
3759	9.17
3760	9.18
3761	9.18
3762	9.18
3763	9.18
3764	9.19
3765	9.19
3766	9.19
3767	9.19
3768	9.2
3769	9.2
3770	9.2
3771	9.2
3772	9.2
3773	9.21
3774	9.21
3775	9.21
3776	9.21
3777	9.22
3778	9.22
3779	9.22
3780	9.22
3781	9.23
3782	9.23
3783	9.23
3784	9.23
3785	9.24
3786	9.24
3787	9.24
3788	9.24
3789	9.24
3790	9.25
3791	9.25
3792	9.25
3793	9.25
3794	9.26
3795	9.26
3796	9.26
3797	9.26
3798	9.27
3799	9.27
3800	9.27
3801	9.27
3802	9.28
3803	9.28
3804	9.28
3805	9.28
3806	9.28
3807	9.29
3808	9.29
3809	9.29
3810	9.29
3811	9.3
3812	9.3
3813	9.3
3814	9.3
3815	9.31
3816	9.31
3817	9.31
3818	9.31
3819	9.31
3820	9.31
3821	9.32
3822	9.32
3823	9.32
3824	9.32
3825	9.33
3826	9.33
3827	9.33
3828	9.33
3829	9.34
3830	9.34
3831	9.34
3832	9.34
3833	9.35
3834	9.35
3835	9.35
3836	9.35
3837	9.36
3838	9.36
3839	9.36
3840	9.36
3841	9.36
3842	9.37
3843	9.37
3844	9.37
3845	9.37
3846	9.38
3847	9.38
3848	9.38
3849	9.38
3850	9.39
3851	9.39
3852	9.39
3853	9.39
3854	9.4
3855	9.4
3856	9.4
3857	9.4
3858	9.4
3859	9.41
3860	9.42
3861	9.42
3862	9.42
3863	9.42
3864	9.43
3865	9.43
3866	9.43
3867	9.43
3868	9.44
3869	9.44
3870	9.44
3871	9.44
3872	9.44
3873	9.45
3874	9.45
3875	9.45
3876	9.45
3877	9.45
3878	9.45
3879	9.46
3880	9.46
3881	9.46
3882	9.46
3883	9.47
3884	9.47
3885	9.47
3886	9.47
3887	9.47
3888	9.47
3889	9.48
3890	9.48
3891	9.48
3892	9.48
3893	9.49
3894	9.49
3895	9.49
3896	9.49
3897	9.5
3898	9.5
3899	9.5
3900	9.5
3901	9.51
3902	9.51
3903	9.51
3904	9.51
3905	9.51
3906	9.52
3907	9.52
3908	9.52
3909	9.52
3910	9.53
3911	9.53
3912	9.53
3913	9.53
3914	9.54
3915	9.54
3916	9.54
3917	9.54
3918	9.55
3919	9.55
3920	9.55
3921	9.55
3922	9.56
3923	9.56
3924	9.56
3925	9.56
3926	9.56
3927	9.57
3928	9.57
3929	9.57
3930	9.57
3931	9.58
3932	9.58
3933	9.58
3934	9.58
3935	9.59
3936	9.59
3937	9.59
3938	9.59
3939	9.6
3940	9.6
3941	9.6
3942	9.6
3943	9.6
3944	9.61
3945	9.61
3946	9.61
3947	9.61
3948	9.62
3949	9.62
3950	9.62
3951	9.62
3952	9.63
3953	9.63
3954	9.63
3955	9.63
3956	9.64
3957	9.64
3958	9.65
3959	9.65
3960	9.65
3961	9.65
3962	9.66
3963	9.66
3964	9.66
3965	9.66
3966	9.66
3967	9.66
3968	9.67
3969	9.67
3970	9.67
3971	9.67
3972	9.68
3973	9.68
3974	9.68
3975	9.68
3976	9.68
3977	9.69
3978	9.69
3979	9.69
3980	9.69
3981	9.7
3982	9.7
3983	9.7
3984	9.71
3985	9.71
3986	9.71
3987	9.72
3988	9.72
3989	9.72
3990	9.72
3991	9.73
3992	9.73
3993	9.73
3994	9.73
3995	9.73
3996	9.73
3997	9.74
3998	9.74
3999	9.74
4000	9.74
4001	9.75
4002	9.75
4003	9.75
4004	9.75
4005	9.76
4006	9.76
4007	9.76
4008	9.76
4009	9.77
4010	9.77
4011	9.77
4012	9.77
4013	9.77
4014	9.78
4015	9.78
4016	9.78
4017	9.78
4018	9.79
4019	9.79
4020	9.79
4021	9.79
4022	9.79
4023	9.79
4024	9.8
4025	9.8
4026	9.8
4027	9.8
4028	9.81
4029	9.81
4030	9.81
4031	9.81
4032	9.82
4033	9.82
4034	9.83
4035	9.83
4036	9.83
4037	9.83
4038	9.83
4039	9.83
4040	9.84
4041	9.84
4042	9.84
4043	9.84
4044	9.85
4045	9.85
4046	9.85
4047	9.85
4048	9.86
4049	9.86
4050	9.86
4051	9.86
4052	9.86
4053	9.86
4054	9.87
4055	9.88
4056	9.88
4057	9.88
4058	9.89
4059	9.89
4060	9.89
4061	9.89
4062	9.89
4063	9.9
4064	9.9
4065	9.9
4066	9.9
4067	9.91
4068	9.91
4069	9.91
4070	9.91
4071	9.91
4072	9.91
4073	9.92
4074	9.92
4075	9.92
4076	9.92
4077	9.93
4078	9.93
4079	9.93
4080	9.93
4081	9.93
4082	9.93
4083	9.94
4084	9.94
4085	9.94
4086	9.94
4087	9.95
4088	9.95
4089	9.95
4090	9.95
4091	9.95
4092	9.96
4093	9.96
4094	9.96
4095	9.96
4096	9.97
4097	9.97
4098	9.97
4099	9.97
4100	9.98
4101	9.98
4102	9.98
4103	9.98
4104	9.99
4105	9.99
4106	9.99
4107	9.99
4108	9.99
4109	10
4110	10.01
4111	10.01
4112	10.01
4113	10.01
4114	10.01
4115	10.01
4116	10.02
4117	10.02
4118	10.02
4119	10.02
4120	10.03
4121	10.03
4122	10.03
4123	10.03
4124	10.03
4125	10.04
4126	10.04
4127	10.04
4128	10.04
4129	10.05
4130	10.05
4131	10.05
4132	10.05
4133	10.06
4134	10.06
4135	10.06
4136	10.06
4137	10.07
4138	10.07
4139	10.07
4140	10.07
4141	10.08
4142	10.08
4143	10.08
4144	10.08
4145	10.08
4146	10.09
4147	10.09
4148	10.09
4149	10.09
4150	10.1
4151	10.1
4152	10.1
4153	10.1
4154	10.11
4155	10.11
4156	10.11
4157	10.11
4158	10.12
4159	10.12
4160	10.12
4161	10.12
4162	10.12
4163	10.13
4164	10.13
4165	10.13
4166	10.13
4167	10.14
4168	10.14
4169	10.14
4170	10.14
4171	10.15
4172	10.15
4173	10.15
4174	10.15
4175	10.16
4176	10.16
4177	10.16
4178	10.16
4179	10.17
4180	10.17
4181	10.17
4182	10.17
4183	10.17
4184	10.18
4185	10.18
4186	10.18
4187	10.18
4188	10.19
4189	10.19
4190	10.19
4191	10.19
4192	10.2
4193	10.2
4194	10.2
4195	10.2
4196	10.2
4197	10.21
4198	10.22
4199	10.22
4200	10.22
4201	10.22
4202	10.23
4203	10.23
4204	10.23
4205	10.23
4206	10.23
4207	10.24
4208	10.24
4209	10.24
4210	10.24
4211	10.24
4212	10.25
4213	10.25
4214	10.25
4215	10.25
4216	10.25
4217	10.26
4218	10.26
4219	10.26
4220	10.26
4221	10.27
4222	10.27
4223	10.27
4224	10.27
4225	10.27
4226	10.27
4227	10.28
4228	10.28
4229	10.28
4230	10.28
4231	10.29
4232	10.29
4233	10.29
4234	10.29
4235	10.3
4236	10.3
4237	10.31
4238	10.31
4239	10.31
4240	10.31
4241	10.31
4242	10.31
4243	10.32
4244	10.32
4245	10.32
4246	10.32
4247	10.33
4248	10.33
4249	10.33
4250	10.33
4251	10.34
4252	10.34
4253	10.35
4254	10.35
4255	10.35
4256	10.35
4257	10.36
4258	10.36
4259	10.36
4260	10.36
4261	10.37
4262	10.37
4263	10.37
4264	10.37
4265	10.37
4266	10.37
4267	10.38
4268	10.38
4269	10.38
4270	10.38
4271	10.38
4272	10.38
4273	10.39
4274	10.39
4275	10.39
4276	10.39
4277	10.4
4278	10.41
4279	10.41
4280	10.41
4281	10.41
4282	10.41
4283	10.42
4284	10.42
4285	10.42
4286	10.42
4287	10.42
4288	10.43
4289	10.43
4290	10.43
4291	10.43
4292	10.44
4293	10.44
4294	10.44
4295	10.44
4296	10.45
4297	10.45
4298	10.45
4299	10.45
4300	10.46
4301	10.46
4302	10.46
4303	10.46
4304	10.46
4305	10.47
4306	10.47
4307	10.47
4308	10.47
4309	10.48
4310	10.48
4311	10.48
4312	10.48
4313	10.49
4314	10.49
4315	10.49
4316	10.49
4317	10.49
4318	10.49
4319	10.5
4320	10.5
4321	10.5
4322	10.5
4323	10.51
4324	10.51
4325	10.51
4326	10.51
4327	10.52
4328	10.52
4329	10.52
4330	10.52
4331	10.52
4332	10.53
4333	10.53
4334	10.53
4335	10.53
4336	10.54
4337	10.54
4338	10.54
4339	10.54
4340	10.55
4341	10.55
4342	10.55
4343	10.55
4344	10.56
4345	10.56
4346	10.56
4347	10.56
4348	10.56
4349	10.57
4350	10.57
4351	10.57
4352	10.57
4353	10.58
4354	10.58
4355	10.58
4356	10.58
4357	10.59
4358	10.59
4359	10.59
4360	10.59
4361	10.6
4362	10.6
4363	10.6
4364	10.6
4365	10.6
4366	10.61
4367	10.62
4368	10.62
4369	10.62
4370	10.62
4371	10.63
4372	10.63
4373	10.63
4374	10.63
4375	10.64
4376	10.64
4377	10.64
4378	10.64
4379	10.64
4380	10.65
4381	10.65
4382	10.65
4383	10.65
4384	10.66
4385	10.66
4386	10.66
4387	10.66
4388	10.67
4389	10.67
4390	10.67
4391	10.67
4392	10.68
4393	10.68
4394	10.68
4395	10.68
4396	10.68
4397	10.69
4398	10.69
4399	10.69
4400	10.69
4401	10.69
4402	10.69
4403	10.7
4404	10.7
4405	10.7
4406	10.7
4407	10.71
4408	10.71
4409	10.71
4410	10.71
4411	10.71
4412	10.71
4413	10.72
4414	10.72
4415	10.73
4416	10.73
4417	10.73
4418	10.73
4419	10.74
4420	10.74
4421	10.74
4422	10.74
4423	10.75
4424	10.75
4425	10.75
4426	10.75
4427	10.76
4428	10.76
4429	10.76
4430	10.76
4431	10.76
4432	10.77
4433	10.77
4434	10.77
4435	10.77
4436	10.78
4437	10.78
4438	10.78
4439	10.78
4440	10.79
4441	10.79
4442	10.79
4443	10.79
4444	10.79
4445	10.79
4446	10.8
4447	10.8
4448	10.8
4449	10.8
4450	10.81
4451	10.81
4452	10.81
4453	10.81
4454	10.81
4455	10.82
4456	10.82
4457	10.82
4458	10.83
4459	10.83
4460	10.83
4461	10.84
4462	10.84
4463	10.84
4464	10.85
4465	10.85
4466	10.85
4467	10.85
4468	10.85
4469	10.86
4470	10.86
4471	10.86
4472	10.86
4473	10.87
4474	10.87
4475	10.87
4476	10.87
4477	10.88
4478	10.88
4479	10.88
4480	10.88
4481	10.89
4482	10.89
4483	10.89
4484	10.89
4485	10.89
4486	10.89
4487	10.9
4488	10.9
4489	10.9
4490	10.9
4491	10.91
4492	10.91
4493	10.91
4494	10.91
4495	10.91
4496	10.92
4497	10.92
4498	10.92
4499	10.92
4500	10.93
4501	10.93
4502	10.93
4503	10.93
4504	10.94
4505	10.94
4506	10.94
4507	10.94
4508	10.95
4509	10.95
4510	10.95
4511	10.95
4512	10.95
4513	10.95
4514	10.96
4515	10.96
4516	10.96
4517	10.96
4518	10.97
4519	10.97
4520	10.97
4521	10.97
4522	10.97
4523	10.98
4524	10.98
4525	10.98
4526	10.98
4527	10.99
4528	10.99
4529	10.99
4530	10.99
4531	11
4532	11
4533	11
4534	11
4535	11.01
4536	11.01
4537	11.01
4538	11.01
4539	11.02
4540	11.02
4541	11.02
4542	11.02
4543	11.02
4544	11.03
4545	11.03
4546	11.04
4547	11.04
4548	11.04
4549	11.04
4550	11.05
4551	11.05
4552	11.05
4553	11.05
4554	11.06
4555	11.06
4556	11.06
4557	11.06
4558	11.06
4559	11.06
4560	11.07
4561	11.07
4562	11.07
4563	11.07
4564	11.08
4565	11.08
4566	11.08
4567	11.08
4568	11.09
4569	11.09
4570	11.09
4571	11.09
4572	11.1
4573	11.1
4574	11.1
4575	11.1
4576	11.1
4577	11.1
4578	11.11
4579	11.12
4580	11.12
4581	11.12
4582	11.12
4583	11.13
4584	11.13
4585	11.13
4586	11.13
4587	11.14
4588	11.14
4589	11.14
4590	11.14
4591	11.15
4592	11.15
4593	11.15
4594	11.15
4595	11.16
4596	11.16
4597	11.16
4598	11.16
4599	11.16
4600	11.17
4601	11.17
4602	11.17
4603	11.17
4604	11.18
4605	11.18
4606	11.18
4607	11.18
4608	11.18
4609	11.18
4610	11.19
4611	11.19
4612	11.19
4613	11.19
4614	11.2
4615	11.2
4616	11.2
4617	11.2
4618	11.21
4619	11.21
4620	11.21
4621	11.21
4622	11.21
4623	11.22
4624	11.22
4625	11.22
4626	11.22
4627	11.23
4628	11.23
4629	11.23
4630	11.23
4631	11.24
4632	11.24
4633	11.24
4634	11.24
4635	11.25
4636	11.25
4637	11.25
4638	11.25
4639	11.25
4640	11.26
4641	11.26
4642	11.26
4643	11.26
4644	11.27
4645	11.27
4646	11.27
4647	11.27
4648	11.28
4649	11.28
4650	11.28
4651	11.28
4652	11.29
4653	11.29
4654	11.29
4655	11.29
4656	11.29
4657	11.3
4658	11.3
4659	11.3
4660	11.31
4661	11.31
4662	11.31
4663	11.31
4664	11.32
4665	11.32
4666	11.32
4667	11.32
4668	11.33
4669	11.33
4670	11.33
4671	11.33
4672	11.33
4673	11.33
4674	11.34
4675	11.34
4676	11.34
4677	11.34
4678	11.34
4679	11.35
4680	11.35
4681	11.35
4682	11.35
4683	11.36
4684	11.36
4685	11.36
4686	11.36
4687	11.37
4688	11.37
4689	11.37
4690	11.37
4691	11.38
4692	11.38
4693	11.38
4694	11.38
4695	11.39
4696	11.39
4697	11.39
4698	11.4
4699	11.4
4700	11.4
4701	11.41
4702	11.41
4703	11.41
4704	11.41
4705	11.41
4706	11.42
4707	11.42
4708	11.42
4709	11.42
4710	11.43
4711	11.43
4712	11.43
4713	11.43
4714	11.44
4715	11.44
4716	11.44
4717	11.44
4718	11.45
4719	11.45
4720	11.45
4721	11.45
4722	11.45
4723	11.46
4724	11.46
4725	11.46
4726	11.46
4727	11.47
4728	11.47
4729	11.47
4730	11.47
4731	11.48
4732	11.48
4733	11.48
4734	11.48
4735	11.49
4736	11.49
4737	11.49
4738	11.49
4739	11.5
4740	11.5
4741	11.5
4742	11.5
4743	11.5
4744	11.51
4745	11.51
4746	11.51
4747	11.51
4748	11.51
4749	11.52
4750	11.52
4751	11.52
4752	11.52
4753	11.52
4754	11.53
4755	11.53
4756	11.53
4757	11.53
4758	11.54
4759	11.54
4760	11.54
4761	11.54
4762	11.55
4763	11.55
4764	11.55
4765	11.55
4766	11.56
4767	11.56
4768	11.56
4769	11.56
4770	11.57
4771	11.57
4772	11.57
4773	11.57
4774	11.57
4775	11.58
4776	11.58
4777	11.58
4778	11.58
4779	11.59
4780	11.59
4781	11.59
4782	11.59
4783	11.6
4784	11.6
4785	11.6
4786	11.6
4787	11.61
4788	11.61
4789	11.61
4790	11.61
4791	11.62
4792	11.62
4793	11.62
4794	11.62
4795	11.62
4796	11.63
4797	11.63
4798	11.63
4799	11.63
4800	11.64
4801	11.64
4802	11.64
4803	11.64
4804	11.65
4805	11.65
4806	11.65
4807	11.65
4808	11.66
4809	11.66
4810	11.66
4811	11.66
4812	11.66
4813	11.67
4814	11.67
4815	11.67
4816	11.67
4817	11.68
4818	11.68
4819	11.68
4820	11.68
4821	11.68
4822	11.68
4823	11.69
4824	11.69
4825	11.69
4826	11.69
4827	11.7
4828	11.7
4829	11.7
4830	11.7
4831	11.71
4832	11.71
4833	11.72
4834	11.72
4835	11.72
4836	11.72
4837	11.73
4838	11.73
4839	11.73
4840	11.73
4841	11.73
4842	11.74
4843	11.74
4844	11.74
4845	11.74
4846	11.75
4847	11.75
4848	11.75
4849	11.75
4850	11.76
4851	11.76
4852	11.76
4853	11.76
4854	11.77
4855	11.77
4856	11.77
4857	11.77
4858	11.77
4859	11.78
4860	11.78
4861	11.78
4862	11.78
4863	11.79
4864	11.79
4865	11.79
4866	11.79
4867	11.8
4868	11.8
4869	11.8
4870	11.8
4871	11.81
4872	11.81
4873	11.81
4874	11.81
4875	11.81
4876	11.82
4877	11.82
4878	11.82
4879	11.82
4880	11.83
4881	11.83
4882	11.83
4883	11.83
4884	11.84
4885	11.84
4886	11.84
4887	11.84
4888	11.85
4889	11.85
4890	11.85
4891	11.85
4892	11.85
4893	11.86
4894	11.86
4895	11.86
4896	11.86
4897	11.86
4898	11.86
4899	11.87
4900	11.87
4901	11.87
4902	11.87
4903	11.88
4904	11.88
4905	11.88
4906	11.89
4907	11.89
4908	11.89
4909	11.89
4910	11.89
4911	11.9
4912	11.9
4913	11.9
4914	11.9
4915	11.9
4916	11.91
4917	11.91
4918	11.91
4919	11.91
4920	11.91
4921	11.92
4922	11.92
4923	11.92
4924	11.92
4925	11.93
4926	11.93
4927	11.93
4928	11.93
4929	11.94
4930	11.94
4931	11.94
4932	11.94
4933	11.95
4934	11.95
4935	11.96
4936	11.96
4937	11.96
4938	11.96
4939	11.97
4940	11.97
4941	11.97
4942	11.97
4943	11.97
4944	11.98
4945	11.98
4946	11.98
4947	11.98
4948	11.99
4949	11.99
4950	11.99
4951	11.99
4952	12
4953	12
4954	12
4955	12
4956	12.01
4957	12.01
4958	12.01
4959	12.01
4960	12.01
4961	12.02
4962	12.02
4963	12.02
4964	12.02
4965	12.03
4966	12.03
4967	12.03
4968	12.03
4969	12.04
4970	12.04
4971	12.04
4972	12.04
4973	12.05
4974	12.05
4975	12.05
4976	12.05
4977	12.05
4978	12.06
4979	12.06
4980	12.06
4981	12.06
4982	12.07
4983	12.07
4984	12.07
4985	12.07
4986	12.08
4987	12.08
4988	12.08
4989	12.08
4990	12.09
4991	12.09
4992	12.09
4993	12.09
4994	12.09
4995	12.1
4996	12.1
4997	12.1
4998	12.1
4999	12.11
5000	12.11
